nuid,birth,arrest,Complaints,Female,White,Black,Asian,Hisp,Natam,awd_perf
15,1983,117,1,0,1,0,0,0,0,26
25,1986,3,0,1,0,0,1,0,0,0
56,1982,431,8,0,0,0,0,1,0,28
62,1980,30,1,1,0,0,0,1,0,10
80,1979,95,4,0,0,0,0,1,0,13
116,1980,106,2,0,0,1,0,0,0,31
132,1987,57,0,0,1,0,0,0,0,4
142,1985,315,6,0,1,0,0,0,0,74
172,1974,22,0,0,0,0,1,0,0,8
176,1988,21,0,0,0,0,0,1,0,0
187,1980,37,4,0,0,0,0,1,0,12
193,1985,4,1,1,0,0,0,1,0,0
207,1973,44,0,0,0,0,0,1,0,11
209,1984,364,8,0,0,0,0,1,0,51
211,1974,190,2,0,0,0,0,1,0,22
234,1984,4,0,0,1,0,0,0,0,0
242,1981,313,12,0,0,1,0,0,0,42
251,1986,23,0,1,1,0,0,0,0,6
254,1984,228,3,0,1,0,0,0,0,30
255,1981,180,5,0,0,0,0,1,0,134
264,1978,44,0,1,1,0,0,0,0,14
273,1980,40,1,1,1,0,0,0,0,22
303,1976,15,1,0,0,0,0,1,0,2
305,1983,12,0,0,0,0,0,1,0,2
430,1979,86,0,0,0,0,0,1,0,6
432,1984,144,1,0,1,0,0,0,0,83
452,1983,45,0,0,1,0,0,0,0,2
464,1982,313,2,0,1,0,0,0,0,117
474,1983,206,4,0,0,0,0,1,0,82
484,1977,145,2,0,0,0,0,1,0,44
491,1979,62,0,0,0,0,0,1,0,53
492,1987,24,0,0,0,0,0,1,0,10
493,1979,13,0,0,0,0,0,1,0,2
494,1977,82,0,0,0,0,0,1,0,5
495,1986,85,0,0,0,0,0,1,0,21
497,1977,443,3,0,0,0,0,1,0,73
546,1981,94,2,0,0,0,0,1,0,16
553,1979,22,0,0,0,0,0,1,0,1
557,1980,24,0,0,0,0,0,1,0,9
558,1976,22,0,0,1,0,0,0,0,12
623,1987,63,1,0,1,0,0,0,0,7
643,1979,73,1,0,0,1,0,0,0,11
649,1986,21,1,0,1,0,0,0,0,3
683,1982,42,0,0,1,0,0,0,0,10
686,1985,135,1,0,0,1,0,0,0,17
687,1983,24,1,0,0,1,0,0,0,6
731,1976,0,0,0,0,1,0,0,0,0
743,1982,427,1,0,1,0,0,0,0,75
758,1982,333,10,0,1,0,0,0,0,44
772,1985,105,1,0,0,0,1,0,0,6
779,1984,146,0,0,0,0,0,1,0,41
781,1986,42,0,1,0,0,0,1,0,14
789,1982,52,0,1,0,0,0,1,0,17
794,1978,60,3,1,0,1,0,0,0,10
813,1981,41,0,0,0,0,0,1,0,4
822,1980,4,0,1,0,0,0,1,0,3
824,1980,21,2,0,1,0,0,0,0,10
826,1982,52,3,1,0,0,0,0,1,11
862,1986,2,0,1,0,0,0,1,0,1
874,1984,157,4,0,0,0,0,1,0,21
878,1985,5,0,0,0,0,0,1,0,0
883,1982,483,7,0,0,0,0,1,0,97
884,1987,24,2,0,0,0,0,1,0,13
897,1982,71,0,0,1,0,0,0,0,20
906,1984,122,4,0,0,0,1,0,0,13
917,1983,16,0,0,0,0,0,1,0,2
975,1977,382,2,0,0,0,0,1,0,62
989,1984,18,0,0,0,0,0,1,0,3
991,1980,22,0,0,0,0,0,1,0,6
999,1985,30,2,0,0,0,0,1,0,14
1000,1984,73,2,0,0,0,0,1,0,9
1061,1986,14,0,0,1,0,0,0,0,2
1071,1979,39,0,0,0,0,0,1,0,13
1077,1982,0,0,0,0,0,1,0,0,0
1093,1986,58,1,1,0,1,0,0,0,2
1107,1981,230,2,0,1,0,0,0,0,33
1128,1982,249,6,0,1,0,0,0,0,57
1130,1977,523,4,0,0,1,0,0,0,110
1136,1986,72,2,0,1,0,0,0,0,33
1144,1985,12,0,0,1,0,0,0,0,4
1151,1983,33,1,0,1,0,0,0,0,12
1197,1985,6,0,0,1,0,0,0,0,2
1201,1980,57,2,0,1,0,0,0,0,4
1221,1980,11,0,0,1,0,0,0,0,4
1225,1977,20,3,0,0,0,0,1,0,4
1262,1983,169,9,0,1,0,0,0,0,265
1263,1983,268,6,0,1,0,0,0,0,101
1267,1974,168,1,0,1,0,0,0,0,45
1286,1974,33,1,1,1,0,0,0,0,4
1347,1982,294,4,1,0,1,0,0,0,92
1352,1986,85,3,0,1,0,0,0,0,12
1377,1985,104,1,0,0,0,0,1,0,23
1384,1975,17,0,1,0,0,0,1,0,2
1419,1974,277,1,1,0,0,0,1,0,36
1489,1987,38,1,0,1,0,0,0,0,20
1505,1987,54,3,0,1,0,0,0,0,9
1544,1983,193,6,1,1,0,0,0,0,64
1563,1983,23,0,1,1,0,0,0,0,3
1570,1981,426,7,0,0,0,0,1,0,108
1577,1985,40,0,0,1,0,0,0,0,2
1603,1988,6,3,0,0,1,0,0,0,4
1623,1982,102,1,0,0,0,0,1,0,12
1624,1974,10,0,0,0,0,0,1,0,3
1632,1982,4,0,1,0,1,0,0,0,0
1652,1985,71,6,1,0,0,0,1,0,28
1656,1979,174,3,0,1,0,0,0,0,34
1747,1978,400,11,0,0,0,0,1,0,70
1759,1986,11,0,0,0,1,0,0,0,8
1788,1972,145,10,0,0,1,0,0,0,61
1859,1982,61,1,0,0,0,0,1,0,22
1898,1984,456,4,0,1,0,0,0,0,138
1899,1980,365,8,0,1,0,0,0,0,194
1910,1986,80,1,0,1,0,0,0,0,6
1934,1978,80,1,1,1,0,0,0,0,15
1962,1986,103,0,0,1,0,0,0,0,6
2021,1985,314,6,0,1,0,0,0,0,71
2031,1982,298,0,0,1,0,0,0,0,25
2037,1987,44,1,0,1,0,0,0,0,9
2044,1984,142,1,1,1,0,0,0,0,22
2048,1984,232,4,0,1,0,0,0,0,87
2060,1983,32,0,0,1,0,0,0,0,2
2068,1983,36,0,0,0,1,0,0,0,3
2070,1980,288,4,0,1,0,0,0,0,44
2096,1983,779,6,0,1,0,0,0,0,163
2099,1981,166,2,0,0,1,0,0,0,20
2135,1974,48,0,0,0,1,0,0,0,14
2139,1983,78,0,0,0,0,1,0,0,10
2141,1985,35,0,0,0,0,1,0,0,1
2171,1988,62,2,0,1,0,0,0,0,7
2205,1980,11,0,0,0,1,0,0,0,1
2218,1977,209,4,0,1,0,0,0,0,37
2247,1983,62,1,0,1,0,0,0,0,26
2277,1978,11,2,0,1,0,0,0,0,8
2279,1983,15,0,0,1,0,0,0,0,2
2301,1981,5,0,0,0,0,0,1,0,0
2347,1981,47,2,1,0,1,0,0,0,21
2362,1983,530,10,1,1,0,0,0,0,104
2414,1971,27,2,1,1,0,0,0,0,16
2418,1983,121,2,0,0,0,0,1,0,44
2422,1982,154,3,0,1,0,0,0,0,42
2430,1974,21,0,0,1,0,0,0,0,2
2449,1985,29,0,0,1,0,0,0,0,7
2482,1985,2,0,0,0,1,0,0,0,0
2506,1985,356,4,0,1,0,0,0,0,76
2556,1983,154,4,1,1,0,0,0,0,70
2605,1977,29,0,0,0,1,0,0,0,13
2632,1973,492,4,0,1,0,0,0,0,49
2659,1972,82,5,0,0,1,0,0,0,34
2665,1978,54,0,0,0,0,0,1,0,5
2680,1985,28,3,1,0,1,0,0,0,3
2722,1976,77,1,0,1,0,0,0,0,12
2731,1981,21,1,0,1,0,0,0,0,4
2797,1984,455,7,0,1,0,0,0,0,159
2804,1982,0,1,0,1,0,0,0,0,43
2816,1986,191,3,0,1,0,0,0,0,61
2832,1981,55,1,0,1,0,0,0,0,6
2834,1986,21,0,0,0,0,0,1,0,0
2874,1980,62,1,0,0,1,0,0,0,17
2907,1981,27,0,1,0,1,0,0,0,0
2908,1978,46,1,0,0,1,0,0,0,17
2988,1983,112,3,1,0,1,0,0,0,29
2995,1975,282,5,0,0,1,0,0,0,89
3002,1974,60,3,0,0,1,0,0,0,5
3003,1978,120,3,0,1,0,0,0,0,34
3028,1981,151,0,0,0,1,0,0,0,97
3034,1987,13,0,1,0,1,0,0,0,0
3043,1986,78,0,0,1,0,0,0,0,30
3044,1980,44,1,0,1,0,0,0,0,7
3103,1984,4,0,0,1,0,0,0,0,4
3113,1980,33,2,1,1,0,0,0,0,4
3133,1980,66,0,0,1,0,0,0,0,27
3162,1984,15,0,0,0,1,0,0,0,6
3163,1982,9,0,1,0,0,0,1,0,0
3165,1975,92,4,0,0,1,0,0,0,15
3166,1982,26,2,0,0,1,0,0,0,15
3167,1980,103,1,0,1,0,0,0,0,11
3216,1986,54,2,0,1,0,0,0,0,9
3286,1982,49,1,0,1,0,0,0,0,8
3295,1986,145,1,0,1,0,0,0,0,45
3296,1987,3,0,0,1,0,0,0,0,0
3304,1984,450,9,0,1,0,0,0,0,173
3307,1986,109,3,0,0,0,0,1,0,140
3309,1986,119,2,0,1,0,0,0,0,34
3323,1981,69,4,1,0,0,0,1,0,27
3376,1986,129,1,0,0,0,0,1,0,34
3377,1986,16,1,0,1,0,0,0,0,4
3379,1977,75,1,0,0,1,0,0,0,18
3411,1983,35,0,0,0,1,0,0,0,7
3412,1985,53,0,0,1,0,0,0,0,2
3455,1987,125,0,0,1,0,0,0,0,18
3465,1987,12,0,0,1,0,0,0,0,4
3494,1981,680,7,0,1,0,0,0,0,137
3548,1982,729,17,0,1,0,0,0,0,548
3559,1987,50,1,0,1,0,0,0,0,37
3567,1982,75,2,0,0,0,0,1,0,28
3581,1977,492,5,1,0,1,0,0,0,76
3645,1986,41,0,0,0,0,0,1,0,16
3648,1987,57,0,0,0,0,0,1,0,15
3656,1982,354,3,0,0,1,0,0,0,78
3664,1971,118,7,0,0,1,0,0,0,13
3693,1983,396,4,0,1,0,0,0,0,157
3772,1987,65,2,0,1,0,0,0,0,7
3780,1973,17,0,0,0,0,0,1,0,6
3781,1987,18,1,1,0,0,0,1,0,2
3801,1979,855,11,0,1,0,0,0,0,194
3822,1982,73,1,0,1,0,0,0,0,44
3905,1979,990,21,0,1,0,0,0,0,186
3937,1984,330,4,0,1,0,0,0,0,40
3951,1989,1,0,0,1,0,0,0,0,0
3980,1983,51,1,0,0,0,0,1,0,5
3981,1978,115,2,0,0,0,0,1,0,57
3988,1976,53,1,0,0,0,0,1,0,21
3989,1984,76,2,0,0,0,0,1,0,24
3996,1973,22,0,0,0,0,0,1,0,30
3997,1983,205,5,0,0,0,0,1,0,62
4000,1974,30,1,0,0,0,0,1,0,4
4004,1984,17,0,0,1,0,0,0,0,7
4029,1982,596,2,0,1,0,0,0,0,69
4071,1981,51,1,0,1,0,0,0,0,14
4102,1981,589,6,0,0,0,0,1,0,297
4178,1981,9,0,0,0,0,0,1,0,0
4185,1989,34,1,0,0,0,0,1,0,17
4196,1974,27,0,0,0,0,0,1,0,11
4210,1976,10,0,0,0,0,0,1,0,0
4217,1983,170,3,0,0,0,0,1,0,38
4220,1983,688,8,0,0,0,0,1,0,98
4229,1987,81,0,0,1,0,0,0,0,12
4234,1974,7,0,1,0,1,0,0,0,6
4251,1984,416,17,0,1,0,0,0,0,206
4289,1985,69,0,0,1,0,0,0,0,18
4313,1975,4,0,0,0,0,0,1,0,0
4325,1970,39,4,0,0,1,0,0,0,36
4330,1980,66,1,1,1,0,0,0,0,9
4345,1980,649,4,0,0,0,0,1,0,74
4362,1982,33,0,0,0,0,0,1,0,17
4369,1970,92,0,1,0,1,0,0,0,26
4382,1979,17,1,0,0,1,0,0,0,4
4397,1970,46,2,0,0,0,1,0,0,11
4437,1982,125,0,1,1,0,0,0,0,3
4439,1977,76,3,0,1,0,0,0,0,21
4444,1976,67,1,0,0,1,0,0,0,1
4445,1986,17,0,0,0,0,1,0,0,4
4459,1986,28,0,1,0,0,0,1,0,31
4461,1980,119,1,0,1,0,0,0,0,26
4473,1978,107,8,0,0,0,0,0,1,28
4506,1988,6,0,1,0,0,0,1,0,0
4507,1983,49,1,0,0,0,0,1,0,17
4538,1988,63,1,0,1,0,0,0,0,13
4543,1980,30,1,0,1,0,0,0,0,19
4546,1978,197,2,0,1,0,0,0,0,19
4550,1980,7,1,0,0,0,1,0,0,4
4551,1975,52,1,0,1,0,0,0,0,13
4575,1987,90,0,0,1,0,0,0,0,17
4578,1984,33,0,0,0,0,1,0,0,0
4580,1983,28,0,0,1,0,0,0,0,16
4597,1987,17,0,0,1,0,0,0,0,10
4607,1981,55,0,0,1,0,0,0,0,16
4618,1984,14,0,0,0,0,1,0,0,4
4658,1979,556,5,0,0,0,0,1,0,196
4678,1982,9,1,0,1,0,0,0,0,7
4686,1985,87,7,1,1,0,0,0,0,119
4697,1976,87,2,0,0,0,0,1,0,65
4716,1982,46,0,0,1,0,0,0,0,10
4720,1982,1,0,0,1,0,0,0,0,0
4745,1983,133,0,1,1,0,0,0,0,29
4751,1985,15,1,0,1,0,0,0,0,6
4752,1984,34,0,0,0,1,0,0,0,11
4754,1984,8,0,1,1,0,0,0,0,11
4790,1973,330,2,0,1,0,0,0,0,69
4800,1981,32,0,0,0,1,0,0,0,2
4840,1980,395,8,0,1,0,0,0,0,106
4852,1969,242,0,1,0,1,0,0,0,39
4866,1973,105,0,1,1,0,0,0,0,36
4871,1984,36,0,0,1,0,0,0,0,25
4877,1973,43,0,0,0,0,1,0,0,16
4891,1978,21,0,0,1,0,0,0,0,20
4893,1976,19,1,1,0,1,0,0,0,12
4894,1985,123,2,0,0,1,0,0,0,42
4899,1987,110,2,0,1,0,0,0,0,32
4918,1983,228,2,0,1,0,0,0,0,30
4947,1979,24,0,0,0,1,0,0,0,1
4950,1985,107,1,0,0,1,0,0,0,8
4977,1988,25,0,0,1,0,0,0,0,0
4980,1984,13,0,0,0,1,0,0,0,7
4987,1975,30,0,0,0,1,0,0,0,1
4996,1979,67,0,0,1,0,0,0,0,18
5003,1983,239,2,0,0,0,0,1,0,39
5036,1986,113,5,0,1,0,0,0,0,18
5055,1984,75,1,0,1,0,0,0,0,22
5084,1979,402,2,0,0,0,0,1,0,38
5100,1975,18,1,0,0,0,0,1,0,5
5126,1979,276,3,1,1,0,0,0,0,10
5144,1984,215,1,0,0,1,0,0,0,18
5149,1988,6,0,0,0,0,0,1,0,4
5178,1982,898,10,0,1,0,0,0,0,71
5209,1983,16,0,0,1,0,0,0,0,2
5220,1985,105,2,0,1,0,0,0,0,47
5289,1987,31,2,0,1,0,0,0,0,6
5330,1978,27,0,0,1,0,0,0,0,2
5343,1982,118,8,0,1,0,0,0,0,42
5373,1979,25,0,0,1,0,0,0,0,3
5380,1987,88,1,0,1,0,0,0,0,10
5412,1982,383,4,0,0,0,0,1,0,62
5421,1983,144,6,0,0,0,0,1,0,24
5428,1984,42,0,0,1,0,0,0,0,24
5453,1983,52,0,0,1,0,0,0,0,27
5469,1978,65,2,1,1,0,0,0,0,15
5492,1981,24,0,0,0,1,0,0,0,3
5515,1988,78,1,0,0,0,0,1,0,25
5533,1979,0,0,0,1,0,0,0,0,0
5548,1976,13,0,0,0,0,0,1,0,1
5564,1983,448,4,1,1,0,0,0,0,81
5588,1986,53,1,0,1,0,0,0,0,20
5608,1987,61,1,0,1,0,0,0,0,4
5620,1982,250,8,0,0,1,0,0,0,78
5624,1969,220,16,0,0,1,0,0,0,34
5661,1974,2,0,0,0,1,0,0,0,4
5677,1978,86,2,0,1,0,0,0,0,66
5678,1978,59,0,1,1,0,0,0,0,19
5740,1985,49,0,0,1,0,0,0,0,12
5766,1983,74,1,0,1,0,0,0,0,13
5827,1982,121,3,0,0,0,0,1,0,28
5829,1986,56,0,0,0,0,0,1,0,6
5831,1982,355,2,1,0,0,0,1,0,86
5834,1982,111,1,0,0,0,0,1,0,18
5852,1972,251,2,0,0,0,0,1,0,34
5909,1984,846,9,0,1,0,0,0,0,157
5913,1985,23,0,0,1,0,0,0,0,2
5924,1979,190,3,0,1,0,0,0,0,25
5925,1985,16,0,1,1,0,0,0,0,3
5929,1980,1099,10,0,0,0,0,1,0,91
5932,1982,56,3,1,0,1,0,0,0,21
5942,1984,87,0,0,1,0,0,0,0,21
5956,1977,74,1,0,1,0,0,0,0,73
5962,1987,146,3,0,1,0,0,0,0,19
5989,1979,94,3,0,1,0,0,0,0,22
5990,1982,173,5,0,1,0,0,0,0,59
5996,1983,182,2,0,1,0,0,0,0,21
5997,1987,26,1,0,1,0,0,0,0,8
6004,1986,11,0,0,1,0,0,0,0,2
6130,1984,583,4,0,1,0,0,0,0,108
6207,1977,169,7,0,0,0,0,0,1,133
6234,1972,113,5,1,0,1,0,0,0,11
6258,1988,21,1,0,0,0,0,1,0,6
6264,1986,120,1,0,1,0,0,0,0,44
6320,1988,44,2,0,0,1,0,0,0,16
6328,1971,62,4,1,0,1,0,0,0,15
6341,1978,32,2,1,0,1,0,0,0,5
6348,1985,24,0,0,0,1,0,0,0,8
6353,1973,49,1,0,0,1,0,0,0,34
6363,1985,19,0,0,0,1,0,0,0,0
6374,1983,14,0,1,0,1,0,0,0,4
6375,1987,103,1,0,0,1,0,0,0,20
6419,1976,83,1,0,0,0,0,1,0,17
6433,1984,12,0,1,0,0,0,1,0,14
6529,1972,415,2,0,0,1,0,0,0,58
6537,1970,95,1,0,0,1,0,0,0,68
6546,1978,481,3,0,0,0,0,1,0,107
6560,1986,158,6,1,1,0,0,0,0,21
6593,1984,320,2,1,1,0,0,0,0,47
6596,1981,5,0,0,0,0,0,1,0,0
6598,1977,231,19,0,1,0,0,0,0,55
6609,1986,21,0,0,0,0,0,1,0,9
6650,1985,462,14,0,0,0,0,1,0,49
6656,1983,55,0,0,0,0,0,1,0,18
6657,1976,16,1,1,0,0,0,1,0,7
6659,1985,9,0,0,0,0,0,1,0,4
6665,1983,146,0,0,0,0,0,1,0,46
6666,1985,27,0,0,0,0,0,1,0,6
6671,1978,46,2,0,0,0,0,1,0,17
6673,1982,66,2,0,0,0,0,1,0,19
6675,1984,36,1,0,0,0,0,1,0,10
6678,1984,116,0,0,0,0,0,1,0,26
6680,1981,123,2,0,0,0,0,1,0,22
6702,1982,357,4,0,0,0,0,1,0,37
6705,1984,203,4,0,1,0,0,0,0,106
6713,1982,20,0,0,0,1,0,0,0,6
6716,1985,99,4,0,1,0,0,0,0,13
6718,1973,85,0,1,1,0,0,0,0,9
6726,1982,14,0,0,1,0,0,0,0,2
6740,1978,612,7,0,0,1,0,0,0,119
6755,1986,99,4,0,1,0,0,0,0,13
6769,1980,133,0,0,1,0,0,0,0,48
6803,1987,124,1,0,1,0,0,0,0,28
6843,1984,330,12,0,0,0,0,1,0,59
6850,1979,72,2,0,0,0,0,1,0,28
6854,1982,328,1,0,0,0,0,1,0,70
6857,1979,22,0,0,0,0,0,1,0,4
6858,1982,29,1,0,0,0,0,1,0,13
6859,1980,183,3,0,0,0,0,1,0,24
6860,1979,76,1,0,0,0,0,1,0,50
6863,1984,164,3,0,1,0,0,0,0,19
6864,1982,178,4,0,1,0,0,0,0,43
6866,1987,115,2,0,0,0,0,1,0,27
6913,1988,178,6,0,1,0,0,0,0,54
6915,1982,217,2,0,1,0,0,0,0,16
6936,1984,322,9,0,1,0,0,0,0,55
6987,1976,171,1,0,0,1,0,0,0,36
7001,1982,10,0,0,1,0,0,0,0,4
7002,1984,1,0,0,1,0,0,0,0,0
7005,1985,14,0,0,0,1,0,0,0,2
7078,1983,60,0,0,1,0,0,0,0,9
7079,1986,116,0,0,0,0,0,1,0,17
7099,1986,101,1,0,0,1,0,0,0,8
7123,1987,173,4,0,1,0,0,0,0,79
7128,1970,134,3,1,0,1,0,0,0,24
7143,1988,19,0,0,1,0,0,0,0,4
7158,1983,8,0,0,1,0,0,0,0,4
7170,1983,1,0,0,1,0,0,0,0,0
7249,1973,91,2,1,0,1,0,0,0,26
7313,1977,87,1,1,1,0,0,0,0,20
7326,1986,30,0,0,1,0,0,0,0,4
7328,1980,184,5,1,1,0,0,0,0,48
7329,1983,132,2,1,1,0,0,0,0,35
7386,1983,115,2,0,0,0,0,1,0,40
7388,1980,38,1,0,1,0,0,0,0,4
7391,1986,80,0,1,1,0,0,0,0,31
7400,1979,5,0,0,0,0,0,1,0,0
7406,1984,234,11,0,1,0,0,0,0,106
7425,1986,21,0,0,0,0,0,1,0,6
7429,1982,22,0,0,1,0,0,0,0,14
7464,1986,8,0,0,1,0,0,0,0,2
7489,1986,191,0,0,1,0,0,0,0,23
7515,1984,84,2,0,1,0,0,0,0,9
7577,1985,41,1,0,0,0,1,0,0,16
7578,1979,52,0,0,1,0,0,0,0,22
7601,1985,72,1,0,1,0,0,0,0,13
7603,1979,64,0,0,1,0,0,0,0,11
7608,1980,84,0,0,0,0,0,1,0,27
7700,1975,11,1,1,0,1,0,0,0,3
7719,1983,21,0,0,1,0,0,0,0,10
7735,1981,78,1,0,1,0,0,0,0,32
7773,1980,145,1,1,0,1,0,0,0,43
7774,1986,88,0,0,0,1,0,0,0,14
7776,1981,23,0,0,0,1,0,0,0,6
7841,1983,90,3,0,1,0,0,0,0,28
7877,1988,95,0,0,1,0,0,0,0,23
7915,1983,61,0,0,0,1,0,0,0,19
7924,1984,351,6,0,1,0,0,0,0,89
7935,1975,110,1,1,0,1,0,0,0,9
7940,1971,64,3,1,1,0,0,0,0,19
7960,1983,221,3,0,0,0,0,1,0,31
7997,1984,85,3,0,1,0,0,0,0,80
8005,1980,300,1,0,1,0,0,0,0,62
8007,1984,199,8,0,0,1,0,0,0,69
8026,1988,32,0,0,0,0,0,1,0,6
8030,1984,52,0,0,0,0,0,1,0,15
8033,1985,70,3,0,0,0,0,1,0,14
8037,1984,66,1,1,1,0,0,0,0,21
8063,1982,72,1,0,0,0,0,1,0,7
8065,1985,68,1,0,0,0,0,1,0,46
8092,1986,138,4,1,1,0,0,0,0,98
8098,1984,204,1,0,0,0,0,1,0,39
8100,1986,13,0,0,0,0,0,1,0,2
8101,1971,374,3,0,0,0,0,1,0,60
8138,1987,74,0,0,1,0,0,0,0,27
8144,1984,441,16,0,1,0,0,0,0,174
8168,1977,647,15,0,1,0,0,0,0,494
8217,1978,11,0,1,0,0,0,1,0,0
8247,1985,123,4,0,0,0,0,1,0,55
8252,1986,3,0,0,1,0,0,0,0,2
8260,1982,22,0,1,0,1,0,0,0,11
8299,1983,275,11,0,1,0,0,0,0,52
8303,1987,127,2,0,1,0,0,0,0,48
8330,1982,241,0,0,0,0,0,1,0,22
8334,1977,113,0,0,0,0,0,1,0,22
8354,1986,199,7,0,1,0,0,0,0,52
8362,1983,49,1,0,1,0,0,0,0,9
8366,1977,34,1,1,1,0,0,0,0,19
8383,1987,36,0,0,1,0,0,0,0,10
8394,1987,17,0,0,1,0,0,0,0,4
8399,1986,37,4,1,1,0,0,0,0,31
8407,1980,49,0,0,0,0,0,1,0,15
8408,1976,272,5,0,0,0,0,1,0,101
8433,1988,4,0,0,1,0,0,0,0,0
8484,1985,317,6,0,1,0,0,0,0,88
8497,1983,20,0,1,0,0,0,1,0,2
8586,1984,256,2,1,1,0,0,0,0,45
8623,1987,145,1,0,1,0,0,0,0,109
8643,1984,271,5,0,1,0,0,0,0,79
8702,1987,8,0,0,1,0,0,0,0,4
8742,1983,5,0,1,0,1,0,0,0,0
8743,1981,5,1,1,0,1,0,0,0,0
8765,1983,222,1,0,0,0,1,0,0,11
8787,1980,430,5,0,0,0,0,1,0,76
8796,1977,83,1,0,0,0,0,1,0,9
8802,1988,8,1,0,0,0,0,1,0,0
8803,1985,162,2,1,0,0,1,0,0,20
8804,1988,12,0,0,0,0,0,1,0,0
8806,1978,0,0,1,0,0,0,1,0,2
8814,1982,41,0,0,0,0,0,1,0,10
8816,1984,48,0,0,1,0,0,0,0,26
8821,1981,88,0,1,0,1,0,0,0,54
8886,1981,572,6,0,1,0,0,0,0,104
8888,1986,17,0,1,1,0,0,0,0,8
8892,1980,34,0,0,0,0,1,0,0,5
8895,1979,164,4,0,0,0,0,1,0,126
8896,1976,87,2,0,0,0,0,1,0,13
8907,1986,22,0,0,1,0,0,0,0,13
9009,1981,257,8,0,1,0,0,0,0,109
9027,1981,102,0,1,1,0,0,0,0,17
9031,1983,108,0,0,1,0,0,0,0,53
9037,1973,326,18,0,1,0,0,0,0,75
9041,1984,305,5,1,0,0,0,1,0,51
9060,1978,77,3,0,0,0,0,1,0,17
9084,1983,18,0,0,0,1,0,0,0,1
9091,1974,29,0,1,1,0,0,0,0,1
9113,1978,16,0,0,0,1,0,0,0,4
9156,1984,95,1,0,1,0,0,0,0,13
9180,1982,206,5,0,1,0,0,0,0,40
9204,1985,3,0,0,1,0,0,0,0,2
9238,1986,73,1,0,0,0,0,1,0,15
9260,1977,177,3,0,0,0,0,1,0,123
9266,1979,226,5,0,0,1,0,0,0,56
9270,1984,336,7,0,1,0,0,0,0,89
9280,1986,150,1,0,1,0,0,0,0,38
9321,1983,162,7,0,1,0,0,0,0,52
9343,1987,73,1,0,1,0,0,0,0,42
9357,1988,42,1,0,1,0,0,0,0,19
9362,1972,155,3,1,0,0,0,1,0,38
9369,1985,102,3,1,1,0,0,0,0,6
9379,1978,164,5,0,0,0,0,1,0,67
9413,1987,65,0,0,1,0,0,0,0,6
9427,1983,68,2,0,0,0,0,1,0,44
9430,1981,58,0,0,0,0,0,1,0,14
9445,1976,43,0,1,0,0,0,1,0,4
9455,1986,0,0,1,0,0,0,1,0,2
9466,1975,88,3,0,0,1,0,0,0,26
9469,1981,4,0,0,0,0,0,1,0,1
9495,1979,114,1,0,1,0,0,0,0,13
9512,1988,5,0,1,1,0,0,0,0,2
9569,1983,336,4,0,0,0,0,1,0,63
9570,1979,66,5,1,0,0,0,1,0,31
9573,1983,259,2,0,0,0,0,1,0,26
9579,1985,54,1,0,0,0,0,1,0,16
9586,1983,95,0,0,0,0,0,1,0,10
9587,1980,381,9,0,0,0,0,1,0,118
9588,1984,21,2,0,0,0,0,1,0,0
9590,1984,17,0,0,0,0,0,1,0,7
9591,1985,44,1,0,0,0,0,1,0,12
9596,1983,129,6,0,0,0,0,1,0,17
9598,1986,13,0,0,0,0,0,1,0,4
9607,1981,23,1,0,0,0,0,1,0,6
9726,1981,126,2,0,0,0,0,1,0,100
9731,1978,71,0,0,1,0,0,0,0,18
9739,1978,24,1,0,1,0,0,0,0,6
9807,1981,455,7,0,1,0,0,0,0,224
9809,1981,327,1,0,1,0,0,0,0,246
9846,1983,47,1,0,1,0,0,0,0,6
9888,1985,74,0,0,1,0,0,0,0,28
9947,1984,8,0,0,0,0,0,1,0,2
9949,1985,26,1,0,0,0,1,0,0,0
9985,1984,642,10,0,1,0,0,0,0,103
10004,1983,40,1,0,0,1,0,0,0,19
10010,1973,52,1,1,0,1,0,0,0,3
10016,1981,161,2,0,1,0,0,0,0,41
10044,1972,390,9,0,0,0,0,1,0,124
10055,1983,2,0,0,0,1,0,0,0,2
10083,1989,157,2,0,1,0,0,0,0,73
10118,1974,368,7,0,0,0,0,1,0,23
10126,1974,9,0,1,1,0,0,0,0,0
10180,1980,372,9,0,1,0,0,0,0,110
10181,1978,350,7,0,1,0,0,0,0,52
10200,1977,277,3,0,1,0,0,0,0,41
10215,1976,387,0,0,0,0,0,1,0,114
10243,1983,27,0,0,0,0,0,1,0,0
10250,1985,25,1,0,0,0,0,1,0,24
10256,1974,47,0,0,0,0,0,1,0,18
10261,1977,37,1,0,0,0,0,1,0,14
10262,1980,128,2,0,0,0,0,1,0,45
10264,1982,6,0,0,0,0,0,1,0,2
10271,1986,13,0,0,0,0,0,1,0,2
10283,1981,158,5,1,0,0,0,1,0,49
10318,1970,71,0,1,0,0,0,1,0,4
10326,1985,287,2,1,0,0,0,1,0,47
10332,1988,12,1,0,0,0,0,1,0,5
10343,1987,29,2,1,0,0,0,1,0,2
10344,1975,141,1,1,0,0,0,1,0,47
10354,1984,40,2,1,0,0,0,1,0,8
10355,1983,7,0,0,0,0,0,1,0,0
10359,1977,10,1,0,0,0,0,1,0,2
10370,1981,241,8,0,0,0,0,1,0,84
10416,1970,152,5,0,1,0,0,0,0,49
10463,1985,71,1,0,1,0,0,0,0,20
10467,1981,59,4,0,1,0,0,0,0,52
10490,1984,259,5,0,1,0,0,0,0,35
10504,1981,350,7,0,1,0,0,0,0,77
10513,1980,35,0,1,1,0,0,0,0,2
10534,1977,1,0,0,1,0,0,0,0,0
10566,1986,13,0,0,0,0,0,1,0,8
10573,1983,716,6,0,1,0,0,0,0,113
10578,1986,85,0,0,1,0,0,0,0,10
10653,1980,446,7,0,1,0,0,0,0,71
10690,1980,119,5,1,0,1,0,0,0,12
10691,1985,8,0,1,0,1,0,0,0,8
10718,1982,30,0,0,1,0,0,0,0,4
10725,1984,8,0,0,0,1,0,0,0,2
10814,1979,31,1,0,1,0,0,0,0,7
10873,1982,189,0,1,1,0,0,0,0,10
10888,1988,34,0,0,1,0,0,0,0,3
10930,1976,105,4,0,0,0,0,1,0,4
10941,1981,5,0,0,0,0,0,1,0,0
10957,1982,129,5,0,0,0,0,1,0,36
10958,1976,5,1,1,0,0,0,1,0,1
10959,1984,186,5,0,0,0,0,1,0,42
10970,1977,269,3,0,1,0,0,0,0,125
11025,1975,42,0,0,1,0,0,0,0,10
11086,1982,294,2,0,0,0,0,1,0,98
11092,1976,320,8,0,0,0,0,1,0,73
11093,1983,59,3,0,0,0,0,1,0,27
11094,1982,16,0,1,0,0,0,1,0,4
11098,1986,83,3,0,0,0,0,1,0,11
11127,1980,171,6,0,1,0,0,0,0,41
11148,1980,41,0,0,1,0,0,0,0,13
11157,1981,34,0,1,1,0,0,0,0,14
11165,1985,86,0,1,1,0,0,0,0,25
11167,1980,17,0,1,0,1,0,0,0,5
11256,1984,622,9,0,1,0,0,0,0,115
11274,1987,21,0,0,1,0,0,0,0,10
11290,1978,39,0,1,0,1,0,0,0,5
11293,1985,0,0,1,0,1,0,0,0,2
11305,1970,737,8,0,1,0,0,0,0,74
11373,1979,31,0,1,0,0,0,1,0,20
11375,1985,60,1,0,1,0,0,0,0,9
11397,1977,24,0,0,0,1,0,0,0,0
11402,1985,117,0,0,1,0,0,0,0,11
11408,1970,444,5,1,1,0,0,0,0,55
11450,1978,62,1,0,0,0,0,1,0,4
11460,1984,553,8,0,0,1,0,0,0,58
11510,1978,584,6,0,1,0,0,0,0,154
11538,1970,69,3,0,0,1,0,0,0,32
11539,1972,476,6,0,0,1,0,0,0,60
11586,1980,82,0,1,1,0,0,0,0,12
11605,1984,18,0,1,1,0,0,0,0,4
11649,1987,71,0,0,1,0,0,0,0,28
11685,1983,318,7,0,1,0,0,0,0,178
11688,1985,143,1,0,1,0,0,0,0,112
11691,1972,93,4,0,0,1,0,0,0,26
11706,1982,156,0,0,1,0,0,0,0,45
11707,1974,279,2,1,0,0,1,0,0,91
11803,1974,89,2,0,1,0,0,0,0,53
11807,1986,194,3,0,1,0,0,0,0,60
11833,1984,80,2,1,1,0,0,0,0,28
11880,1977,149,4,1,0,1,0,0,0,25
11896,1988,68,1,0,1,0,0,0,0,13
11898,1975,26,0,1,1,0,0,0,0,2
11901,1986,84,0,1,1,0,0,0,0,8
12000,1984,425,3,0,1,0,0,0,0,107
12005,1986,51,1,0,0,0,0,1,0,8
12023,1978,512,4,0,0,0,0,1,0,94
12035,1985,138,3,0,0,0,0,1,0,31
12044,1983,85,1,0,0,0,0,1,0,10
12048,1984,1,0,0,0,0,0,1,0,0
12055,1978,19,0,0,0,0,0,1,0,2
12056,1982,292,6,0,0,0,0,1,0,33
12057,1975,272,0,0,0,0,0,1,0,53
12058,1971,675,20,0,0,0,0,1,0,202
12059,1972,62,0,1,1,0,0,0,0,13
12065,1988,31,0,0,0,0,0,1,0,15
12066,1987,43,2,0,0,0,0,1,0,5
12087,1983,96,3,0,0,0,0,1,0,181
12096,1985,24,0,0,1,0,0,0,0,11
12124,1989,16,0,0,1,0,0,0,0,0
12180,1978,343,8,0,1,0,0,0,0,37
12233,1982,101,4,0,0,1,0,0,0,18
12257,1983,299,8,0,1,0,0,0,0,124
12302,1989,11,0,0,1,0,0,0,0,2
12306,1984,469,4,0,1,0,0,0,0,104
12329,1977,291,6,1,1,0,0,0,0,66
12336,1988,47,1,0,1,0,0,0,0,4
12337,1985,97,1,0,1,0,0,0,0,27
12343,1982,18,0,1,0,1,0,0,0,4
12350,1987,17,0,0,1,0,0,0,0,6
12376,1984,217,1,1,1,0,0,0,0,99
12377,1974,231,1,1,1,0,0,0,0,32
12381,1982,41,0,0,0,0,0,1,0,9
12415,1984,64,0,0,0,1,0,0,0,13
12439,1978,81,0,0,0,1,0,0,0,14
12456,1984,50,0,0,1,0,0,0,0,22
12463,1981,59,3,1,0,1,0,0,0,17
12472,1982,73,0,0,1,0,0,0,0,24
12476,1973,32,0,1,1,0,0,0,0,8
12480,1975,138,3,0,0,1,0,0,0,40
12528,1971,166,9,0,0,1,0,0,0,34
12566,1986,111,1,0,1,0,0,0,0,26
12570,1981,63,3,0,1,0,0,0,0,18
12617,1988,30,1,0,1,0,0,0,0,5
12620,1974,37,2,1,0,1,0,0,0,8
12623,1986,9,0,1,1,0,0,0,0,0
12629,1972,224,6,0,0,1,0,0,0,37
12647,1976,70,0,0,1,0,0,0,0,53
12656,1978,4,0,0,0,1,0,0,0,0
12719,1983,242,1,0,1,0,0,0,0,66
12727,1981,25,1,1,0,1,0,0,0,3
12734,1974,26,1,0,0,0,1,0,0,10
12753,1983,263,2,0,0,1,0,0,0,13
12777,1987,83,1,0,1,0,0,0,0,18
12799,1983,574,1,0,1,0,0,0,0,100
12800,1986,3,0,1,0,1,0,0,0,0
12803,1984,98,4,0,1,0,0,0,0,14
12825,1973,329,12,1,1,0,0,0,0,76
12845,1983,6,0,0,1,0,0,0,0,4
12863,1985,37,0,0,0,0,1,0,0,6
12865,1982,50,1,0,1,0,0,0,0,16
12872,1984,24,1,0,1,0,0,0,0,4
12879,1988,76,0,0,1,0,0,0,0,14
12884,1981,113,2,0,0,0,0,1,0,14
12905,1976,33,1,0,1,0,0,0,0,20
12915,1985,6,0,1,0,0,0,1,0,3
12924,1983,169,5,0,1,0,0,0,0,63
12926,1982,76,0,0,0,1,0,0,0,14
12954,1988,8,0,1,0,0,0,1,0,0
12978,1974,19,0,1,0,0,0,1,0,11
12993,1979,223,3,0,1,0,0,0,0,78
12995,1982,150,2,0,1,0,0,0,0,27
13005,1979,119,0,1,0,0,1,0,0,19
13020,1982,239,12,0,0,0,1,0,0,59
13029,1981,123,0,0,1,0,0,0,0,8
13113,1979,55,1,0,0,1,0,0,0,10
13119,1984,8,0,0,0,1,0,0,0,0
13170,1979,311,5,1,0,0,1,0,0,45
13175,1985,49,1,0,1,0,0,0,0,18
13197,1980,171,2,0,1,0,0,0,0,10
13216,1987,88,1,0,1,0,0,0,0,14
13220,1980,77,4,1,0,1,0,0,0,21
13233,1982,227,4,0,1,0,0,0,0,55
13287,1981,26,2,0,1,0,0,0,0,6
13292,1977,154,3,0,1,0,0,0,0,22
13314,1987,22,0,0,1,0,0,0,0,2
13324,1974,60,1,1,1,0,0,0,0,13
13332,1986,81,2,0,1,0,0,0,0,18
13347,1984,41,3,0,0,1,0,0,0,5
13348,1987,70,0,0,0,0,0,1,0,29
13359,1975,94,0,0,1,0,0,0,0,24
13369,1978,18,1,0,0,1,0,0,0,6
13377,1976,371,2,0,1,0,0,0,0,154
13412,1988,14,0,0,1,0,0,0,0,2
13413,1982,193,6,0,0,1,0,0,0,25
13436,1982,56,0,0,0,0,0,1,0,20
13437,1980,30,0,1,0,0,0,1,0,6
13519,1975,63,1,0,1,0,0,0,0,20
13533,1982,655,11,0,1,0,0,0,0,111
13604,1972,225,14,0,0,1,0,0,0,32
13610,1983,75,2,0,0,1,0,0,0,29
13659,1982,35,0,1,1,0,0,0,0,16
13672,1983,142,0,0,1,0,0,0,0,12
13745,1978,105,0,0,0,1,0,0,0,23
13751,1986,159,0,0,1,0,0,0,0,30
13753,1983,196,6,1,0,1,0,0,0,57
13770,1978,64,1,0,0,1,0,0,0,10
13772,1980,75,2,1,0,1,0,0,0,18
13788,1987,34,0,0,0,1,0,0,0,16
13789,1983,43,2,0,0,1,0,0,0,16
13804,1985,69,2,0,0,1,0,0,0,19
13805,1986,5,0,0,0,1,0,0,0,2
13808,1972,83,3,1,0,1,0,0,0,9
13819,1984,64,0,0,0,1,0,0,0,41
13864,1984,399,6,0,0,1,0,0,0,73
13894,1985,225,0,0,1,0,0,0,0,38
13897,1982,16,0,0,0,0,0,0,1,4
13984,1985,334,4,0,1,0,0,0,0,19
14010,1984,9,0,0,1,0,0,0,0,3
14026,1988,67,0,0,1,0,0,0,0,10
14087,1986,14,0,0,1,0,0,0,0,2
14102,1974,34,2,0,1,0,0,0,0,14
14117,1988,6,0,1,1,0,0,0,0,3
14163,1981,26,1,0,1,0,0,0,0,2
14179,1983,21,0,0,0,0,0,1,0,0
14182,1986,286,3,0,1,0,0,0,0,9
14211,1979,292,9,0,1,0,0,0,0,83
14239,1979,26,0,0,1,0,0,0,0,2
14316,1985,331,3,0,1,0,0,0,0,80
14357,1981,242,4,0,0,0,0,1,0,35
14407,1985,4,1,0,1,0,0,0,0,0
14408,1982,194,3,1,1,0,0,0,0,44
14443,1982,83,1,0,1,0,0,0,0,26
14444,1985,76,0,0,1,0,0,0,0,34
14476,1981,7,0,0,0,1,0,0,0,0
14478,1982,212,5,0,1,0,0,0,0,46
14479,1976,364,7,0,1,0,0,0,0,115
14491,1978,220,6,0,1,0,0,0,0,61
14504,1984,87,1,0,1,0,0,0,0,22
14514,1974,37,1,1,1,0,0,0,0,15
14549,1980,57,0,0,0,0,1,0,0,12
14552,1973,672,3,0,0,0,1,0,0,98
14554,1985,17,1,1,0,0,1,0,0,2
14566,1981,70,2,0,1,0,0,0,0,35
14578,1985,16,0,0,1,0,0,0,0,4
14598,1982,53,0,1,1,0,0,0,0,22
14608,1985,56,0,1,0,0,0,1,0,8
14609,1983,90,2,0,0,0,1,0,0,20
14627,1982,6,0,0,1,0,0,0,0,4
14673,1981,267,7,0,0,1,0,0,0,45
14697,1985,63,0,0,1,0,0,0,0,7
14699,1966,546,10,0,0,1,0,0,0,80
14719,1987,80,0,0,1,0,0,0,0,34
14724,1979,109,3,0,1,0,0,0,0,32
14746,1984,5,1,0,1,0,0,0,0,0
14798,1973,16,2,0,1,0,0,0,0,6
14811,1986,54,1,0,1,0,0,0,0,12
14836,1984,119,1,0,1,0,0,0,0,54
14862,1984,348,5,0,1,0,0,0,0,32
14892,1982,283,3,0,1,0,0,0,0,92
14899,1986,25,0,0,1,0,0,0,0,4
14910,1988,14,0,0,1,0,0,0,0,6
14912,1985,14,0,0,1,0,0,0,0,4
14928,1987,28,0,1,1,0,0,0,0,17
14981,1984,397,11,0,1,0,0,0,0,69
14988,1984,68,0,1,1,0,0,0,0,6
15000,1987,8,0,0,1,0,0,0,0,0
15001,1984,121,0,0,1,0,0,0,0,9
15005,1985,173,4,0,1,0,0,0,0,30
15007,1976,23,1,0,1,0,0,0,0,3
15028,1982,71,2,1,1,0,0,0,0,12
15087,1982,11,1,0,1,0,0,0,0,17
15115,1976,80,0,0,0,0,1,0,0,60
15140,1979,2,0,0,1,0,0,0,0,0
15146,1986,103,1,0,1,0,0,0,0,24
15220,1983,46,0,0,1,0,0,0,0,12
15244,1985,38,1,0,1,0,0,0,0,14
15268,1981,21,1,0,1,0,0,0,0,8
15327,1985,72,0,0,1,0,0,0,0,18
15358,1981,298,7,0,1,0,0,0,0,83
15374,1987,47,0,0,1,0,0,0,0,15
15438,1987,3,0,0,1,0,0,0,0,2
15472,1984,221,3,0,1,0,0,0,0,72
15527,1989,143,1,0,1,0,0,0,0,27
15566,1971,54,0,0,0,0,1,0,0,15
15567,1983,86,1,0,1,0,0,0,0,21
15572,1981,92,0,0,1,0,0,0,0,13
15573,1982,85,2,0,0,0,1,0,0,36
15579,1980,86,0,0,1,0,0,0,0,35
15605,1987,18,1,0,1,0,0,0,0,2
15606,1978,18,1,0,0,1,0,0,0,20
15626,1975,131,2,0,0,0,0,1,0,71
15640,1986,27,0,0,0,1,0,0,0,6
15641,1976,71,0,0,1,0,0,0,0,15
15687,1982,73,0,0,1,0,0,0,0,32
15696,1980,121,2,1,0,0,0,1,0,21
15775,1984,764,14,0,1,0,0,0,0,258
15788,1983,37,2,0,1,0,0,0,0,16
15792,1982,331,5,0,0,0,0,1,0,87
15836,1973,432,4,0,1,0,0,0,0,107
15855,1986,46,0,0,1,0,0,0,0,26
15894,1985,104,1,1,1,0,0,0,0,15
15940,1984,37,1,0,0,0,1,0,0,5
15944,1981,17,0,1,0,1,0,0,0,2
15968,1985,153,1,0,1,0,0,0,0,12
15997,1982,71,1,0,1,0,0,0,0,6
16002,1984,38,0,0,0,0,0,1,0,14
16011,1983,132,4,0,1,0,0,0,0,64
16031,1974,323,8,0,0,0,0,1,0,68
16036,1979,44,1,1,0,0,0,1,0,3
16062,1982,150,4,0,1,0,0,0,0,29
16078,1987,110,0,0,1,0,0,0,0,10
16082,1983,97,4,0,1,0,0,0,0,38
16177,1982,10,0,1,0,1,0,0,0,6
16216,1975,16,0,0,0,0,1,0,0,6
16222,1986,34,0,0,0,0,0,1,0,6
16224,1975,53,0,1,1,0,0,0,0,0
16229,1982,139,1,0,1,0,0,0,0,32
16254,1984,59,0,0,0,0,1,0,0,8
16267,1974,43,0,1,1,0,0,0,0,21
16290,1986,51,0,0,1,0,0,0,0,11
16291,1984,63,3,0,1,0,0,0,0,22
16319,1975,27,0,0,1,0,0,0,0,4
16370,1982,164,3,0,1,0,0,0,0,42
16392,1982,64,0,0,0,1,0,0,0,7
16399,1984,40,0,1,1,0,0,0,0,30
16407,1980,21,2,0,0,0,0,1,0,6
16433,1982,236,4,0,1,0,0,0,0,22
16467,1976,24,3,0,0,1,0,0,0,12
16518,1977,162,1,1,0,0,0,1,0,40
16522,1977,9,0,0,0,0,0,1,0,0
16523,1983,40,1,1,0,0,0,1,0,16
16534,1985,61,0,0,0,0,0,1,0,13
16535,1971,29,1,0,0,0,0,1,0,12
16545,1984,280,4,0,0,0,0,1,0,124
16546,1976,611,7,0,0,0,0,1,0,124
16548,1977,61,2,0,0,0,0,1,0,14
16556,1975,94,3,1,0,0,0,1,0,41
16557,1972,0,0,0,0,0,0,1,0,0
16558,1976,11,2,0,0,0,0,1,0,0
16574,1979,133,4,0,0,1,0,0,0,26
16584,1981,71,0,0,1,0,0,0,0,20
16589,1981,25,0,0,0,0,0,1,0,18
16593,1982,160,5,0,1,0,0,0,0,32
16625,1977,207,3,0,1,0,0,0,0,44
16640,1984,25,2,1,0,1,0,0,0,4
16663,1985,125,1,0,0,0,0,1,0,36
16677,1985,29,1,0,1,0,0,0,0,2
16683,1988,9,1,1,1,0,0,0,0,8
16690,1986,55,0,1,0,0,0,1,0,10
16693,1984,6,1,1,1,0,0,0,0,0
16704,1984,163,2,0,1,0,0,0,0,55
16720,1980,203,2,0,0,0,0,1,0,47
16722,1981,7,0,0,1,0,0,0,0,1
16729,1989,2,0,0,0,0,1,0,0,4
16740,1982,16,0,0,0,0,0,1,0,2
16778,1987,162,1,0,1,0,0,0,0,30
16780,1980,18,0,1,0,1,0,0,0,4
16837,1978,79,0,0,0,1,0,0,0,7
16858,1985,425,5,0,0,0,0,1,0,66
16861,1982,18,0,0,0,0,0,1,0,3
16886,1984,680,9,0,1,0,0,0,0,83
16889,1976,78,0,0,1,0,0,0,0,22
16919,1982,337,9,0,1,0,0,0,0,81
16932,1978,58,1,0,0,0,0,1,0,5
16950,1984,86,1,0,1,0,0,0,0,42
16976,1979,33,0,0,1,0,0,0,0,2
17050,1979,10,0,1,1,0,0,0,0,5
17055,1973,13,1,1,0,0,0,1,0,3
17076,1970,531,12,0,0,0,0,1,0,152
17088,1982,92,3,0,1,0,0,0,0,51
17144,1984,19,1,0,0,1,0,0,0,5
17162,1974,18,4,1,1,0,0,0,0,2
17164,1980,104,1,0,0,1,0,0,0,7
17169,1980,33,0,0,0,0,1,0,0,4
17176,1985,1,0,0,0,0,0,1,0,0
17188,1984,722,12,0,1,0,0,0,0,135
17222,1986,10,2,1,1,0,0,0,0,10
17261,1985,70,1,0,1,0,0,0,0,14
17283,1988,8,1,1,1,0,0,0,0,10
17315,1979,1,0,0,1,0,0,0,0,0
17331,1986,147,5,0,1,0,0,0,0,59
17345,1984,149,7,0,0,0,0,1,0,69
17354,1985,148,2,0,1,0,0,0,0,71
17355,1971,183,1,1,0,0,0,1,0,16
17397,1978,46,0,0,1,0,0,0,0,12
17402,1986,6,0,1,0,0,0,1,0,2
17438,1981,65,1,0,0,1,0,0,0,15
17499,1973,181,1,0,0,1,0,0,0,24
17500,1977,15,0,0,0,1,0,0,0,8
17517,1977,0,0,0,0,1,0,0,0,2
17519,1985,150,6,0,1,0,0,0,0,73
17528,1978,5,0,1,0,1,0,0,0,2
17537,1978,407,0,1,1,0,0,0,0,51
17549,1983,77,2,1,0,0,0,1,0,26
17569,1984,78,2,0,0,0,1,0,0,6
17571,1979,250,1,0,0,0,0,1,0,124
17572,1986,41,1,0,0,0,0,1,0,11
17593,1985,51,1,0,0,0,0,1,0,29
17601,1974,496,11,0,0,0,0,1,0,47
17602,1985,64,0,0,0,0,0,1,0,14
17613,1981,15,0,0,0,0,0,1,0,4
17615,1980,154,4,0,0,0,0,1,0,20
17622,1983,32,1,0,0,0,0,1,0,5
17636,1985,350,1,0,1,0,0,0,0,80
17653,1986,175,7,0,1,0,0,0,0,79
17655,1982,32,0,0,1,0,0,0,0,17
17731,1981,12,1,1,0,1,0,0,0,6
17751,1975,291,7,0,0,1,0,0,0,49
17801,1980,29,0,0,1,0,0,0,0,8
17802,1984,36,0,0,1,0,0,0,0,17
17806,1981,211,4,1,1,0,0,0,0,41
17826,1978,80,7,0,0,1,0,0,0,17
17894,1987,33,0,0,1,0,0,0,0,8
17918,1982,156,0,0,1,0,0,0,0,25
17997,1982,39,4,0,0,1,0,0,0,21
17998,1986,30,2,1,0,1,0,0,0,1
18000,1984,228,3,0,1,0,0,0,0,78
18053,1978,51,3,0,0,1,0,0,0,12
18130,1973,46,0,1,0,1,0,0,0,19
18443,1982,43,0,0,1,0,0,0,0,13
18518,1982,190,4,0,1,0,0,0,0,47
18526,1984,340,8,0,1,0,0,0,0,90
18528,1986,221,2,0,1,0,0,0,0,60
18531,1983,269,1,0,1,0,0,0,0,25
18535,1985,530,7,0,0,0,1,0,0,36
18541,1983,169,7,0,0,1,0,0,0,31
18548,1983,1,0,0,1,0,0,0,0,0
18563,1980,8,0,0,0,1,0,0,0,7
18569,1988,4,0,0,1,0,0,0,0,0
18570,1982,452,13,0,1,0,0,0,0,108
18573,1987,16,0,0,1,0,0,0,0,10
18581,1981,529,11,0,1,0,0,0,0,132
18595,1977,70,4,0,1,0,0,0,0,17
18608,1979,769,11,0,0,1,0,0,0,108
18615,1985,84,1,0,1,0,0,0,0,25
18624,1978,31,1,1,0,0,0,1,0,13
18629,1979,1,0,1,0,1,0,0,0,2
18644,1982,115,1,0,0,1,0,0,0,14
18647,1985,93,3,0,1,0,0,0,0,6
18652,1980,130,3,0,1,0,0,0,0,41
18653,1987,66,0,0,1,0,0,0,0,12
18702,1985,31,1,0,0,0,0,1,0,11
18705,1979,361,5,0,1,0,0,0,0,48
18709,1982,44,0,0,0,0,0,1,0,13
18710,1980,549,13,1,0,0,0,1,0,147
18711,1980,7,0,1,0,0,0,1,0,3
18712,1987,68,1,0,0,0,0,1,0,11
18715,1983,75,2,0,0,0,0,1,0,31
18725,1988,8,0,0,1,0,0,0,0,2
18731,1974,143,2,0,0,1,0,0,0,26
18737,1979,238,5,0,1,0,0,0,0,73
18751,1988,32,0,0,1,0,0,0,0,6
18798,1981,42,0,0,0,0,0,1,0,6
18807,1984,533,5,0,0,0,0,1,0,24
18809,1988,19,1,0,0,0,0,1,0,6
18818,1981,222,4,0,0,0,0,1,0,51
18828,1975,10,0,0,0,0,1,0,0,0
18839,1986,24,0,0,1,0,0,0,0,8
18971,1979,238,2,0,1,0,0,0,0,86
18976,1982,53,0,0,1,0,0,0,0,18
18989,1980,2,0,1,0,1,0,0,0,0
18995,1983,330,2,0,1,0,0,0,0,32
19002,1974,35,0,0,1,0,0,0,0,9
19004,1983,436,14,0,1,0,0,0,0,86
19006,1987,82,0,0,1,0,0,0,0,8
19007,1982,60,1,1,1,0,0,0,0,20
19050,1984,0,0,0,1,0,0,0,0,2
19113,1985,20,0,0,1,0,0,0,0,4
19114,1982,66,1,0,1,0,0,0,0,15
19119,1979,16,0,0,0,1,0,0,0,2
19126,1988,3,2,1,1,0,0,0,0,2
19160,1970,55,1,0,0,1,0,0,0,24
19187,1982,85,2,1,0,0,0,1,0,57
19194,1988,7,0,0,1,0,0,0,0,2
19205,1983,31,0,0,1,0,0,0,0,2
19210,1984,205,1,0,1,0,0,0,0,23
19230,1986,56,1,0,0,0,0,1,0,13
19235,1984,12,1,1,0,1,0,0,0,11
19279,1983,61,0,0,0,1,0,0,0,16
19286,1986,56,0,0,1,0,0,0,0,20
19304,1980,78,2,0,0,0,0,1,0,17
19316,1988,23,0,0,0,0,0,1,0,0
19345,1973,25,0,1,1,0,0,0,0,3
19376,1973,728,12,0,0,0,0,1,0,153
19379,1978,131,0,0,1,0,0,0,0,27
19389,1982,120,2,1,0,0,0,1,0,16
19407,1986,91,1,1,0,0,0,1,0,33
19409,1983,101,1,0,0,0,0,1,0,44
19410,1983,887,9,0,0,0,0,1,0,120
19432,1982,54,3,0,0,0,0,1,0,15
19479,1983,132,2,0,0,0,0,1,0,19
19495,1988,23,0,0,1,0,0,0,0,0
19502,1971,11,1,1,0,1,0,0,0,4
19510,1984,75,3,0,0,1,0,0,0,17
19526,1988,107,1,0,1,0,0,0,0,10
19530,1988,24,0,0,0,0,0,1,0,6
19549,1980,78,0,1,0,0,0,1,0,10
19558,1987,31,0,1,0,0,0,1,0,9
19560,1983,87,4,0,0,0,0,1,0,32
19586,1984,58,1,0,1,0,0,0,0,7
19594,1985,16,0,0,1,0,0,0,0,0
19604,1976,11,0,0,1,0,0,0,0,5
19646,1987,36,1,0,0,1,0,0,0,12
19670,1985,359,10,0,1,0,0,0,0,81
19671,1974,138,4,1,0,0,0,1,0,31
19688,1985,20,0,1,0,1,0,0,0,4
19690,1981,35,0,1,1,0,0,0,0,19
19693,1988,9,0,0,0,1,0,0,0,2
19713,1969,275,9,0,0,1,0,0,0,34
19801,1975,99,0,0,1,0,0,0,0,4
19804,1982,6,1,0,0,0,1,0,0,0
19806,1976,141,0,0,0,0,0,1,0,33
19843,1982,153,3,0,0,0,1,0,0,24
19848,1986,33,1,0,1,0,0,0,0,8
19901,1984,9,0,1,1,0,0,0,0,4
19902,1988,26,0,0,1,0,0,0,0,6
19903,1984,55,0,0,1,0,0,0,0,3
19922,1977,5,1,1,0,1,0,0,0,2
19955,1975,6,0,0,0,0,0,1,0,0
19963,1985,229,0,0,1,0,0,0,0,52
19968,1982,62,3,0,0,1,0,0,0,8
20034,1978,402,11,0,1,0,0,0,0,31
20065,1977,31,1,0,0,0,1,0,0,2
20068,1984,408,5,1,1,0,0,0,0,111
20110,1971,70,2,0,1,0,0,0,0,33
20171,1985,97,0,0,1,0,0,0,0,17
20176,1983,410,11,0,0,1,0,0,0,180
20178,1980,13,0,0,0,1,0,0,0,1
20199,1980,8,1,0,1,0,0,0,0,0
20226,1982,77,1,0,1,0,0,0,0,32
20236,1982,118,0,0,0,1,0,0,0,23
20262,1976,38,1,0,1,0,0,0,0,5
20264,1984,26,0,0,0,0,0,1,0,6
20272,1980,487,11,0,0,0,0,1,0,101
20306,1984,116,2,0,1,0,0,0,0,17
20310,1988,17,0,0,0,0,0,1,0,8
20312,1981,27,0,0,0,0,0,1,0,22
20317,1984,15,0,0,0,0,0,1,0,13
20356,1969,49,2,0,1,0,0,0,0,10
20367,1986,36,1,0,1,0,0,0,0,8
20386,1985,12,1,0,1,0,0,0,0,4
20398,1979,135,0,0,0,1,0,0,0,39
20413,1972,78,2,0,1,0,0,0,0,63
20432,1972,204,3,0,0,1,0,0,0,26
20433,1978,73,1,0,0,1,0,0,0,19
20464,1982,43,0,0,0,0,1,0,0,7
20505,1977,135,0,0,1,0,0,0,0,25
20535,1983,55,2,0,0,0,0,1,0,5
20566,1985,92,2,0,0,0,0,1,0,19
20601,1988,31,0,0,1,0,0,0,0,7
20620,1984,10,1,1,0,0,0,1,0,2
20662,1986,7,0,0,1,0,0,0,0,2
20663,1980,375,3,0,0,0,0,1,0,35
20672,1974,17,0,1,0,0,0,1,0,5
20699,1984,39,1,0,1,0,0,0,0,7
20732,1977,87,1,0,1,0,0,0,0,6
20733,1980,98,2,1,0,0,0,1,0,19
20736,1984,1,0,0,0,0,0,1,0,0
20737,1984,365,5,0,0,0,0,1,0,68
20738,1980,70,5,0,0,0,0,1,0,34
20739,1982,54,1,0,0,0,0,1,0,5
20742,1986,20,0,0,0,1,0,0,0,3
20743,1987,7,0,0,0,0,0,1,0,0
20744,1982,68,1,1,1,0,0,0,0,29
20961,1987,6,0,0,1,0,0,0,0,4
20983,1987,11,0,0,1,0,0,0,0,2
21020,1987,14,0,0,1,0,0,0,0,4
21069,1982,1,0,0,1,0,0,0,0,0
21082,1986,90,2,0,1,0,0,0,0,39
21083,1988,14,0,0,1,0,0,0,0,2
21107,1980,5,0,0,0,1,0,0,0,7
21128,1973,5,0,1,0,1,0,0,0,1
21140,1984,5,0,0,0,0,0,1,0,2
21141,1982,24,1,1,0,0,0,1,0,15
21145,1986,9,1,0,0,0,0,1,0,0
21155,1974,8,1,1,1,0,0,0,0,4
21189,1985,29,0,0,1,0,0,0,0,6
21206,1983,2,0,1,1,0,0,0,0,0
21209,1976,180,2,0,1,0,0,0,0,63
21229,1985,37,0,1,0,1,0,0,0,4
21253,1985,44,0,0,0,0,0,1,0,6
21254,1980,124,0,0,0,0,0,1,0,30
21260,1985,224,2,0,1,0,0,0,0,67
21314,1973,30,2,0,1,0,0,0,0,14
21318,1981,19,0,0,0,0,0,1,0,2
21325,1984,135,5,0,1,0,0,0,0,29
21329,1981,59,1,1,1,0,0,0,0,21
21332,1975,189,4,0,1,0,0,0,0,38
21366,1983,48,0,0,1,0,0,0,0,3
21368,1977,27,0,1,1,0,0,0,0,19
21381,1987,15,1,1,0,0,0,1,0,6
21384,1982,38,1,1,0,0,0,1,0,22
21386,1979,80,0,0,0,0,0,1,0,20
21397,1986,29,0,1,1,0,0,0,0,0
21476,1978,198,3,0,1,0,0,0,0,102
21485,1979,35,2,0,0,0,0,1,0,6
21487,1981,14,0,0,0,0,0,1,0,4
21508,1979,534,3,1,1,0,0,0,0,96
21510,1983,9,0,1,1,0,0,0,0,6
21512,1984,26,0,0,0,0,0,1,0,11
21516,1981,253,8,0,0,0,0,1,0,85
21533,1981,104,3,1,0,1,0,0,0,31
21551,1987,38,0,0,1,0,0,0,0,8
21559,1982,18,0,0,1,0,0,0,0,6
21561,1984,265,11,0,1,0,0,0,0,69
21574,1984,425,6,0,1,0,0,0,0,90
21581,1979,605,10,0,0,0,0,1,0,72
21582,1984,42,0,0,0,0,0,1,0,2
21585,1979,527,7,0,1,0,0,0,0,128
21597,1973,11,1,1,1,0,0,0,0,5
21619,1971,132,4,0,0,0,0,1,0,40
21630,1984,80,4,1,0,0,0,1,0,39
21638,1976,86,1,0,0,1,0,0,0,14
21725,1975,89,0,0,1,0,0,0,0,7
21757,1985,38,0,0,0,0,0,1,0,3
21765,1988,118,2,0,1,0,0,0,0,55
21767,1988,66,5,0,1,0,0,0,0,10
21796,1982,12,0,1,1,0,0,0,0,0
21799,1979,5,0,0,0,0,0,1,0,0
21803,1973,25,0,0,0,0,0,1,0,8
21822,1979,95,1,0,1,0,0,0,0,21
21858,1973,459,6,0,0,1,0,0,0,31
21920,1979,71,9,0,0,1,0,0,0,24
21929,1983,42,1,0,0,0,0,1,0,20
21936,1981,81,1,0,0,0,0,1,0,58
21953,1978,92,1,0,0,0,1,0,0,28
22039,1987,192,0,0,1,0,0,0,0,61
22052,1981,2,0,0,1,0,0,0,0,0
22056,1984,190,0,0,1,0,0,0,0,68
22095,1984,194,0,0,1,0,0,0,0,60
22127,1982,57,1,0,0,0,1,0,0,17
22135,1973,21,0,0,0,1,0,0,0,8
22140,1985,48,0,1,0,0,0,1,0,0
22167,1983,61,0,0,0,0,0,1,0,15
22168,1972,197,2,0,0,0,0,1,0,59
22183,1980,20,1,1,1,0,0,0,0,7
22217,1986,162,1,0,1,0,0,0,0,62
22218,1977,248,5,0,0,0,0,1,0,30
22222,1981,13,0,0,0,0,0,1,0,0
22246,1967,357,3,0,0,0,0,1,0,85
22255,1978,481,9,0,0,0,0,1,0,46
22259,1975,30,0,1,0,0,0,1,0,9
22260,1985,24,0,0,0,0,0,1,0,5
22261,1975,180,3,0,0,0,0,1,0,24
22282,1983,193,9,1,0,0,0,1,0,77
22283,1989,11,0,1,0,0,0,1,0,0
22284,1988,54,3,0,0,0,0,1,0,15
22285,1974,29,3,1,0,0,0,1,0,5
22286,1975,1,0,0,0,0,0,1,0,0
22287,1978,29,0,1,0,0,1,0,0,10
22288,1985,10,0,1,0,0,0,1,0,8
22323,1988,82,0,0,1,0,0,0,0,3
22339,1980,77,1,0,1,0,0,0,0,2
22444,1983,75,2,0,1,0,0,0,0,20
22451,1984,30,0,0,0,0,1,0,0,6
22499,1981,251,0,0,1,0,0,0,0,23
22504,1978,406,2,1,0,1,0,0,0,78
22524,1989,20,1,0,1,0,0,0,0,3
22541,1983,65,1,1,0,1,0,0,0,20
22572,1980,650,4,0,1,0,0,0,0,98
22575,1988,6,0,0,1,0,0,0,0,0
22578,1986,71,0,0,1,0,0,0,0,16
22588,1982,11,1,1,1,0,0,0,0,0
22614,1989,9,0,0,1,0,0,0,0,0
22624,1979,20,1,0,0,0,0,1,0,12
22628,1970,131,2,0,0,1,0,0,0,17
22640,1986,4,0,0,1,0,0,0,0,0
22673,1974,114,1,0,1,0,0,0,0,27
22674,1979,27,1,0,0,0,0,1,0,11
22686,1987,17,0,0,1,0,0,0,0,6
22737,1977,66,1,0,1,0,0,0,0,18
22782,1983,106,1,0,1,0,0,0,0,14
22789,1975,105,2,0,1,0,0,0,0,43
22798,1973,12,0,0,0,0,0,1,0,7
22866,1985,31,2,0,0,0,0,1,0,18
22881,1983,202,0,0,0,0,0,1,0,46
22888,1985,36,1,0,1,0,0,0,0,8
22908,1979,187,2,1,0,1,0,0,0,25
22914,1984,170,4,0,1,0,0,0,0,46
22945,1984,711,10,0,1,0,0,0,0,233
22951,1979,452,11,0,1,0,0,0,0,85
22955,1979,3,0,1,0,0,0,1,0,0
22963,1982,99,0,0,1,0,0,0,0,31
22973,1974,129,0,1,0,1,0,0,0,12
22981,1983,59,2,0,0,0,1,0,0,14
23026,1978,126,3,1,0,1,0,0,0,29
23040,1983,133,3,0,1,0,0,0,0,60
23047,1977,32,0,0,1,0,0,0,0,15
23048,1974,16,2,0,1,0,0,0,0,7
23072,1983,3,0,0,0,1,0,0,0,0
23109,1986,147,2,0,1,0,0,0,0,26
23115,1986,66,0,0,1,0,0,0,0,4
23129,1981,468,5,0,1,0,0,0,0,165
23131,1977,630,16,0,1,0,0,0,0,91
23132,1987,62,0,0,1,0,0,0,0,6
23151,1984,113,1,0,1,0,0,0,0,32
23159,1981,288,10,0,1,0,0,0,0,196
23188,1981,10,0,0,0,0,1,0,0,8
23217,1984,5,0,0,0,0,0,1,0,0
23239,1984,400,5,0,0,0,1,0,0,130
23278,1981,83,1,1,1,0,0,0,0,23
23339,1977,127,3,0,1,0,0,0,0,42
23349,1981,26,0,0,0,0,1,0,0,3
23353,1983,209,2,0,1,0,0,0,0,102
23376,1984,193,1,1,0,0,0,1,0,48
23383,1978,649,3,0,0,0,0,1,0,43
23395,1980,0,0,0,0,0,0,1,0,0
23400,1980,87,0,0,0,0,0,1,0,5
23412,1985,89,4,0,0,0,0,1,0,8
23413,1977,22,0,0,0,0,0,1,0,2
23428,1982,59,1,0,0,0,0,1,0,5
23430,1975,221,3,0,0,0,0,1,0,71
23460,1980,153,4,0,0,0,0,1,0,77
23461,1984,85,4,0,0,0,0,1,0,20
23469,1983,22,1,0,0,1,0,0,0,10
23493,1987,207,1,0,1,0,0,0,0,92
23499,1976,123,2,0,1,0,0,0,0,31
23500,1981,280,1,0,1,0,0,0,0,24
23508,1984,71,3,0,1,0,0,0,0,20
23524,1978,235,0,0,0,1,0,0,0,78
23536,1984,1015,32,0,0,0,0,1,0,208
23547,1975,94,0,1,0,0,0,1,0,14
23609,1987,14,0,0,0,1,0,0,0,2
23615,1984,121,2,0,0,1,0,0,0,24
23619,1985,10,0,0,1,0,0,0,0,4
23630,1974,13,0,1,0,1,0,0,0,7
23647,1981,387,2,0,1,0,0,0,0,45
23684,1985,148,2,0,1,0,0,0,0,75
23699,1986,51,1,0,1,0,0,0,0,19
23700,1980,109,0,1,1,0,0,0,0,6
23712,1984,114,1,0,1,0,0,0,0,8
23728,1973,186,2,0,1,0,0,0,0,40
23736,1988,2,0,0,0,0,0,1,0,0
23750,1982,31,1,0,0,0,0,1,0,4
23757,1981,405,4,1,0,0,0,1,0,93
23758,1971,90,4,0,0,0,0,1,0,38
23776,1984,266,3,0,0,0,0,1,0,28
23786,1979,185,4,0,0,0,0,1,0,36
23789,1988,10,0,0,0,0,0,1,0,2
23828,1989,36,0,0,0,0,0,1,0,5
23837,1976,290,0,0,1,0,0,0,0,22
23890,1978,363,4,1,0,1,0,0,0,92
23898,1978,26,2,1,1,0,0,0,0,6
23907,1972,127,2,1,0,1,0,0,0,33
23911,1982,86,0,1,0,1,0,0,0,5
23949,1981,630,3,0,1,0,0,0,0,147
23977,1984,140,2,0,0,1,0,0,0,9
23996,1983,184,3,0,1,0,0,0,0,53
24018,1988,4,0,0,1,0,0,0,0,4
24032,1983,63,3,0,0,0,0,1,0,16
24047,1984,144,1,0,1,0,0,0,0,27
24054,1982,58,1,1,1,0,0,0,0,45
24058,1982,107,1,0,0,0,0,1,0,18
24088,1986,11,0,0,0,0,0,1,0,0
24104,1974,108,1,0,0,0,0,1,0,18
24107,1981,53,1,1,0,0,0,1,0,18
24109,1987,15,1,0,0,0,0,1,0,10
24110,1984,133,2,0,0,0,0,1,0,25
24119,1979,45,3,0,0,0,0,1,0,5
24143,1981,24,1,0,1,0,0,0,0,2
24185,1983,519,13,0,1,0,0,0,0,92
24208,1986,69,2,0,1,0,0,0,0,7
24268,1985,13,0,0,0,1,0,0,0,6
24277,1985,14,0,0,0,0,0,1,0,2
24283,1985,16,1,1,0,0,0,1,0,9
24290,1982,42,0,1,1,0,0,0,0,18
24299,1976,81,1,0,0,0,0,1,0,30
24303,1984,39,0,0,1,0,0,0,0,8
24319,1981,112,0,0,0,0,0,1,0,25
24320,1981,20,0,0,0,0,0,1,0,4
24326,1983,8,0,1,1,0,0,0,0,2
24347,1986,53,0,1,0,0,0,1,0,10
24381,1983,194,3,0,0,0,1,0,0,52
24384,1975,491,2,0,0,0,0,1,0,38
24394,1970,152,3,1,0,0,0,1,0,18
24400,1984,37,1,1,1,0,0,0,0,11
24426,1983,2,0,0,0,0,0,1,0,0
24436,1974,18,0,0,0,0,0,1,0,8
24444,1984,54,0,0,0,0,0,1,0,2
24445,1979,113,6,0,0,0,0,1,0,26
24448,1975,4,1,1,0,0,0,1,0,0
24451,1981,2,0,0,0,0,0,1,0,0
24452,1977,108,0,0,0,0,0,1,0,9
24453,1980,17,0,0,0,0,0,1,0,7
24455,1980,18,0,1,0,0,0,1,0,9
24471,1987,18,0,0,1,0,0,0,0,0
24501,1982,58,0,0,1,0,0,0,0,27
24525,1977,12,0,0,0,0,0,1,0,0
24530,1984,36,0,0,1,0,0,0,0,3
24566,1978,0,0,0,0,0,0,1,0,0
24568,1988,12,0,0,0,0,0,1,0,2
24608,1986,167,0,0,0,0,0,1,0,48
24614,1980,168,4,0,1,0,0,0,0,47
24619,1984,629,1,0,1,0,0,0,0,76
24627,1984,122,2,0,1,0,0,0,0,35
24643,1984,250,2,0,0,0,0,1,0,49
24645,1978,19,0,1,1,0,0,0,0,10
24661,1980,45,4,1,0,0,0,1,0,7
24670,1978,187,2,0,0,0,0,1,0,52
24678,1985,45,1,0,1,0,0,0,0,14
24694,1981,602,17,0,1,0,0,0,0,176
24709,1985,58,0,0,0,0,0,1,0,7
24753,1985,92,1,0,1,0,0,0,0,19
24803,1976,363,1,0,1,0,0,0,0,35
24821,1983,62,2,0,1,0,0,0,0,13
24830,1976,145,0,0,1,0,0,0,0,47
24858,1988,43,1,0,1,0,0,0,0,10
24873,1983,8,0,0,1,0,0,0,0,4
24909,1979,58,0,0,0,0,0,1,0,12
24910,1984,0,0,0,0,0,0,1,0,0
24911,1982,81,1,1,0,0,0,1,0,24
24913,1981,55,1,1,0,0,0,1,0,17
24923,1981,807,22,0,1,0,0,0,0,185
24925,1984,524,15,0,1,0,0,0,0,118
24933,1984,52,2,0,1,0,0,0,0,9
24977,1985,83,0,1,0,0,0,1,0,19
25031,1983,170,7,0,1,0,0,0,0,37
25044,1988,33,0,1,1,0,0,0,0,4
25064,1985,1,0,1,1,0,0,0,0,0
25070,1984,44,3,0,1,0,0,0,0,20
25141,1981,38,1,0,0,1,0,0,0,2
25152,1984,50,0,0,1,0,0,0,0,6
25171,1981,240,4,0,0,0,1,0,0,80
25175,1982,33,0,0,0,0,0,1,0,1
25195,1984,421,2,0,0,0,0,1,0,63
25199,1979,0,0,1,0,0,0,1,0,0
25200,1982,118,3,1,1,0,0,0,0,23
25202,1979,326,7,0,0,0,0,1,0,44
25204,1971,148,7,0,0,0,0,1,0,23
25280,1977,163,2,1,0,0,0,1,0,32
25290,1978,123,0,0,0,0,0,1,0,82
25295,1987,1,0,0,0,0,0,1,0,2
25303,1977,195,2,0,0,0,0,1,0,117
25304,1981,100,4,0,0,0,0,1,0,61
25310,1980,51,0,0,0,0,0,1,0,24
25317,1985,29,1,0,0,0,0,1,0,2
25349,1974,0,1,0,0,1,0,0,0,2
25368,1982,866,18,0,0,0,0,1,0,196
25383,1979,175,6,0,0,1,0,0,0,17
25394,1977,203,1,0,0,0,0,1,0,52
25398,1981,29,0,1,0,0,0,1,0,8
25406,1974,111,1,0,0,0,0,1,0,41
25419,1987,28,1,1,0,0,0,1,0,20
25420,1977,198,1,1,0,1,0,0,0,25
25422,1985,36,0,0,0,0,1,0,0,6
25454,1981,95,1,1,0,0,1,0,0,10
25501,1981,295,0,0,1,0,0,0,0,96
25510,1980,148,1,0,1,0,0,0,0,12
25512,1982,10,0,0,0,0,1,0,0,6
25517,1986,169,4,0,1,0,0,0,0,62
25536,1985,138,1,0,1,0,0,0,0,10
25556,1984,13,0,0,0,0,0,1,0,3
25573,1976,30,0,0,1,0,0,0,0,8
25589,1983,16,0,0,1,0,0,0,0,10
25591,1985,371,4,0,1,0,0,0,0,167
25680,1985,70,0,0,1,0,0,0,0,16
25687,1985,215,1,0,1,0,0,0,0,31
25710,1981,166,3,1,1,0,0,0,0,51
25717,1985,145,2,0,1,0,0,0,0,35
25749,1987,61,2,0,1,0,0,0,0,20
25788,1985,96,3,0,1,0,0,0,0,10
25807,1982,481,18,0,1,0,0,0,0,115
25866,1987,85,0,0,0,1,0,0,0,5
25902,1972,100,3,0,0,1,0,0,0,21
25907,1983,9,0,1,0,1,0,0,0,3
25930,1973,28,0,0,1,0,0,0,0,8
25932,1984,106,0,0,1,0,0,0,0,13
25949,1985,205,1,0,1,0,0,0,0,103
25988,1984,143,4,0,1,0,0,0,0,64
26004,1988,8,0,0,1,0,0,0,0,4
26012,1983,23,0,1,0,0,0,1,0,7
26016,1983,353,10,0,0,0,0,1,0,50
26060,1986,11,1,0,1,0,0,0,0,0
26062,1983,32,0,0,0,0,1,0,0,13
26142,1985,27,0,0,1,0,0,0,0,4
26143,1970,73,2,1,1,0,0,0,0,45
26144,1983,626,7,0,1,0,0,0,0,79
26175,1984,20,1,0,0,1,0,0,0,6
26247,1985,15,1,0,1,0,0,0,0,6
26271,1986,7,0,0,0,1,0,0,0,1
26332,1981,26,0,0,1,0,0,0,0,8
26335,1977,32,1,0,1,0,0,0,0,22
26356,1983,89,1,0,1,0,0,0,0,10
26365,1972,172,5,0,0,1,0,0,0,26
26397,1983,174,2,0,0,0,0,1,0,40
26418,1981,85,5,0,0,1,0,0,0,21
26419,1983,39,1,1,0,1,0,0,0,13
26446,1986,30,1,0,1,0,0,0,0,10
26489,1981,16,1,0,0,0,1,0,0,8
26516,1983,433,11,0,1,0,0,0,0,112
26574,1988,150,0,0,1,0,0,0,0,47
26609,1983,166,4,0,1,0,0,0,0,22
26620,1984,62,2,0,1,0,0,0,0,25
26630,1986,133,0,0,1,0,0,0,0,21
26652,1987,98,2,0,1,0,0,0,0,4
26662,1984,65,5,1,0,1,0,0,0,22
26683,1985,100,0,0,1,0,0,0,0,49
26806,1973,326,2,0,0,1,0,0,0,31
26821,1981,210,5,1,0,1,0,0,0,41
26828,1982,69,2,0,0,0,0,1,0,21
26847,1988,25,0,0,1,0,0,0,0,1
26866,1980,52,0,0,1,0,0,0,0,9
26876,1983,6,0,1,0,1,0,0,0,4
26915,1982,269,1,0,1,0,0,0,0,43
26917,1989,50,0,0,1,0,0,0,0,3
26962,1979,109,0,0,1,0,0,0,0,12
26969,1986,11,1,1,0,0,0,1,0,8
26978,1985,101,1,1,0,0,1,0,0,16
26985,1983,28,1,1,0,0,0,1,0,9
26986,1982,21,0,1,0,0,0,1,0,2
26987,1987,7,0,0,0,0,0,1,0,8
26992,1971,200,2,0,0,0,0,1,0,50
26996,1981,188,1,0,0,0,0,1,0,26
27009,1980,553,4,0,1,0,0,0,0,77
27045,1984,453,3,1,0,0,0,1,0,65
27060,1983,243,5,0,0,0,0,1,0,52
27080,1985,10,0,0,0,0,0,1,0,4
27081,1985,49,1,1,0,0,0,1,0,2
27082,1978,72,3,0,0,0,0,1,0,5
27083,1985,218,4,0,0,0,0,1,0,42
27103,1977,59,1,0,1,0,0,0,0,16
27115,1984,309,19,0,0,0,0,1,0,65
27128,1985,82,0,0,1,0,0,0,0,13
27147,1977,0,0,0,0,1,0,0,0,2
27173,1987,3,0,0,1,0,0,0,0,0
27204,1983,546,6,0,1,0,0,0,0,108
27219,1987,113,0,0,1,0,0,0,0,45
27297,1988,2,1,0,1,0,0,0,0,0
27310,1979,7,0,0,1,0,0,0,0,0
27357,1981,159,1,0,1,0,0,0,0,60
27366,1982,149,1,0,1,0,0,0,0,93
27410,1982,72,0,0,1,0,0,0,0,13
27546,1980,3,0,0,0,1,0,0,0,0
27591,1976,2,0,0,0,1,0,0,0,0
27639,1984,139,3,0,1,0,0,0,0,25
27640,1982,34,0,0,1,0,0,0,0,10
27648,1982,49,0,0,1,0,0,0,0,43
27655,1985,92,1,0,1,0,0,0,0,6
27668,1982,271,15,0,1,0,0,0,0,87
27670,1978,91,0,0,1,0,0,0,0,33
27672,1983,317,4,0,1,0,0,0,0,132
27687,1985,85,1,0,1,0,0,0,0,8
27748,1981,121,8,0,0,1,0,0,0,12
27760,1987,106,2,0,1,0,0,0,0,140
27764,1978,64,4,0,1,0,0,0,0,6
27833,1978,75,3,0,1,0,0,0,0,30
27862,1981,46,0,0,1,0,0,0,0,2
27895,1988,11,0,0,1,0,0,0,0,8
27925,1985,4,0,0,1,0,0,0,0,1
27984,1982,109,3,0,1,0,0,0,0,32
27990,1983,14,0,0,0,1,0,0,0,2
27992,1987,51,2,0,1,0,0,0,0,2
27993,1982,77,0,0,1,0,0,0,0,9
28030,1981,150,6,0,1,0,0,0,0,45
28031,1979,3,0,1,0,1,0,0,0,0
28121,1981,44,2,0,1,0,0,0,0,5
28155,1982,54,3,1,1,0,0,0,0,18
28253,1984,12,0,0,1,0,0,0,0,8
28256,1981,348,6,1,0,1,0,0,0,102
28266,1972,77,3,0,0,1,0,0,0,34
28275,1985,34,2,0,0,1,0,0,0,3
28286,1982,78,7,1,0,1,0,0,0,24
28289,1981,473,2,1,0,1,0,0,0,77
28300,1981,1001,7,0,1,0,0,0,0,87
28308,1985,93,0,0,0,0,0,1,0,15
28317,1979,35,0,0,0,0,0,1,0,3
28324,1982,16,0,1,1,0,0,0,0,1
28328,1984,853,24,0,1,0,0,0,0,188
28356,1978,268,3,1,1,0,0,0,0,43
28357,1978,601,4,0,0,1,0,0,0,67
28384,1981,99,4,1,1,0,0,0,0,24
28446,1976,9,0,0,0,0,1,0,0,2
28543,1978,45,0,0,0,1,0,0,0,7
28558,1988,19,0,0,0,1,0,0,0,5
28564,1981,576,6,1,1,0,0,0,0,145
28587,1985,4,0,1,0,1,0,0,0,0
28598,1981,67,1,0,0,0,1,0,0,47
28666,1984,417,8,0,0,1,0,0,0,178
28694,1977,32,0,0,1,0,0,0,0,12
28700,1981,238,2,0,1,0,0,0,0,130
28719,1979,21,1,0,1,0,0,0,0,12
28751,1982,254,2,0,0,0,0,1,0,81
28761,1977,16,0,1,0,0,0,1,0,1
28766,1986,188,3,0,0,0,0,1,0,26
28768,1984,45,0,1,0,0,0,1,0,6
28769,1977,177,7,0,0,0,0,1,0,37
28770,1984,119,7,0,0,0,0,1,0,136
28772,1979,62,3,0,0,0,0,1,0,17
28774,1984,226,0,0,0,0,0,1,0,44
28775,1978,49,0,0,0,0,0,1,0,20
28776,1981,44,1,0,0,0,0,1,0,10
28784,1983,36,0,1,0,0,0,1,0,8
28808,1987,0,1,1,1,0,0,0,0,0
28809,1982,384,11,0,0,0,0,1,0,52
28842,1984,264,9,0,1,0,0,0,0,100
28849,1983,105,1,1,1,0,0,0,0,27
28851,1982,105,0,0,1,0,0,0,0,15
28875,1984,40,0,0,1,0,0,0,0,2
28876,1971,329,0,0,1,0,0,0,0,85
28899,1984,49,1,1,0,0,0,1,0,7
28918,1981,81,3,0,0,0,1,0,0,11
28927,1983,41,2,1,0,1,0,0,0,8
28944,1982,56,4,0,0,0,0,1,0,7
29001,1985,64,1,0,1,0,0,0,0,12
29004,1986,35,1,0,1,0,0,0,0,13
29022,1970,230,2,0,1,0,0,0,0,20
29059,1981,11,0,0,0,1,0,0,0,4
29063,1978,61,2,0,0,1,0,0,0,16
29102,1974,63,0,0,1,0,0,0,0,12
29134,1980,82,1,0,0,0,0,1,0,28
29157,1984,8,1,1,1,0,0,0,0,8
29158,1976,340,2,1,1,0,0,0,0,36
29203,1985,88,1,0,1,0,0,0,0,11
29204,1986,75,2,0,1,0,0,0,0,8
29205,1986,9,0,1,1,0,0,0,0,4
29211,1986,77,1,0,1,0,0,0,0,54
29223,1988,29,1,1,0,0,0,1,0,17
29233,1982,177,6,0,0,0,0,1,0,139
29241,1981,80,2,0,0,0,0,1,0,82
29257,1979,185,4,0,0,1,0,0,0,39
29329,1983,149,2,0,1,0,0,0,0,24
29358,1978,23,2,1,0,0,0,1,0,6
29362,1981,72,2,0,1,0,0,0,0,30
29372,1986,21,0,0,0,0,0,1,0,6
29377,1982,181,4,0,0,0,0,1,0,25
29378,1982,168,5,0,0,0,0,1,0,89
29384,1985,23,1,0,1,0,0,0,0,4
29398,1984,797,16,0,0,0,0,1,0,218
29399,1983,90,6,0,0,0,0,1,0,36
29401,1985,28,2,0,0,0,0,1,0,15
29405,1987,81,0,0,0,0,0,1,0,27
29407,1983,826,8,0,1,0,0,0,0,271
29432,1982,146,3,0,0,0,0,1,0,73
29434,1980,3,0,0,0,0,0,1,0,4
29436,1986,31,2,1,0,0,0,1,0,3
29438,1989,1,0,0,0,0,0,1,0,0
29454,1978,6,0,0,0,0,0,1,0,0
29463,1984,16,2,1,0,0,0,1,0,6
29464,1979,231,5,0,0,0,0,1,0,58
29471,1983,15,3,1,0,0,0,1,0,3
29486,1978,1,1,0,0,0,0,1,0,0
29487,1978,9,0,0,0,0,0,1,0,0
29497,1974,61,1,0,0,0,0,1,0,17
29506,1972,267,2,0,0,0,0,1,0,54
29509,1973,97,1,1,0,0,0,1,0,15
29529,1982,81,1,1,0,0,0,1,0,12
29530,1984,162,3,0,0,0,0,1,0,17
29544,1977,395,2,1,0,0,0,1,0,84
29545,1981,227,3,0,1,0,0,0,0,9
29562,1975,21,0,0,0,0,1,0,0,2
29565,1975,60,3,0,1,0,0,0,0,6
29576,1983,9,0,0,1,0,0,0,0,0
29579,1983,131,4,1,1,0,0,0,0,39
29580,1980,300,9,0,1,0,0,0,0,123
29591,1980,56,0,1,1,0,0,0,0,13
29595,1982,810,8,0,0,0,0,1,0,105
29597,1977,4,0,0,0,0,0,1,0,2
29608,1979,679,10,0,0,0,0,1,0,123
29622,1989,21,0,0,1,0,0,0,0,2
29626,1980,130,7,0,1,0,0,0,0,40
29656,1979,15,0,0,1,0,0,0,0,3
29663,1972,94,1,0,1,0,0,0,0,21
29665,1983,26,0,0,1,0,0,0,0,11
29766,1973,370,9,0,1,0,0,0,0,58
29767,1986,121,7,0,1,0,0,0,0,20
29796,1981,54,0,1,1,0,0,0,0,24
29818,1970,412,4,0,0,1,0,0,0,35
29869,1982,26,1,0,1,0,0,0,0,7
29875,1988,14,0,1,1,0,0,0,0,0
29933,1977,560,3,0,1,0,0,0,0,48
29944,1981,32,0,0,1,0,0,0,0,23
29945,1984,0,2,1,1,0,0,0,0,0
29978,1977,16,1,0,0,1,0,0,0,14
29982,1972,52,0,0,0,1,0,0,0,33
30008,1985,18,0,0,1,0,0,0,0,8
30052,1987,91,1,0,1,0,0,0,0,9
30101,1973,36,1,1,0,1,0,0,0,17
30115,1978,8,1,0,0,1,0,0,0,4
30151,1971,342,2,0,0,0,1,0,0,75
30160,1974,71,2,1,1,0,0,0,0,20
30233,1985,14,0,1,0,1,0,0,0,9
30255,1986,59,2,0,1,0,0,0,0,2
30324,1981,20,0,1,1,0,0,0,0,3
30330,1979,24,1,1,1,0,0,0,0,14
30373,1981,361,6,0,1,0,0,0,0,38
30407,1984,3,0,0,0,1,0,0,0,0
30415,1980,10,0,0,1,0,0,0,0,1
30435,1985,128,1,0,1,0,0,0,0,20
30496,1976,242,3,0,1,0,0,0,0,38
30514,1983,286,14,0,1,0,0,0,0,59
30537,1982,84,1,0,0,1,0,0,0,21
30547,1984,59,2,0,0,1,0,0,0,7
30551,1987,46,1,0,1,0,0,0,0,20
30561,1988,21,0,0,1,0,0,0,0,6
30599,1980,50,1,0,1,0,0,0,0,5
30616,1978,24,0,0,1,0,0,0,0,14
30786,1982,32,0,0,0,1,0,0,0,12
30805,1977,1,0,1,0,1,0,0,0,0
30815,1983,374,6,0,0,1,0,0,0,69
30831,1977,332,7,0,0,1,0,0,0,89
30835,1982,543,10,1,0,1,0,0,0,109
30843,1987,36,0,0,0,1,0,0,0,5
30913,1979,19,0,0,1,0,0,0,0,10
30943,1976,64,0,0,1,0,0,0,0,12
30947,1974,126,3,0,1,0,0,0,0,33
30967,1977,36,0,0,1,0,0,0,0,6
30968,1979,14,0,0,1,0,0,0,0,2
30970,1974,17,1,1,0,1,0,0,0,4
31012,1982,28,1,1,1,0,0,0,0,5
31039,1987,64,0,0,1,0,0,0,0,7
31074,1980,55,2,0,1,0,0,0,0,11
31076,1982,292,8,0,1,0,0,0,0,30
31106,1977,8,1,0,1,0,0,0,0,2
31115,1988,23,1,0,1,0,0,0,0,8
31144,1987,60,1,0,1,0,0,0,0,10
31188,1982,50,1,0,1,0,0,0,0,24
31192,1973,13,1,0,1,0,0,0,0,3
31254,1984,32,0,0,1,0,0,0,0,4
31297,1972,342,5,0,0,1,0,0,0,140
31300,1978,25,1,0,0,1,0,0,0,3
31349,1988,5,1,0,1,0,0,0,0,4
31366,1979,87,4,0,0,0,0,1,0,8
31371,1980,29,1,1,0,1,0,0,0,1
31373,1984,77,2,0,0,0,1,0,0,7
31376,1983,78,2,0,1,0,0,0,0,10
31405,1979,107,2,0,1,0,0,0,0,7
31417,1984,291,2,1,0,1,0,0,0,31
31438,1982,501,6,0,0,1,0,0,0,200
31460,1980,126,1,0,1,0,0,0,0,28
31497,1987,244,0,0,1,0,0,0,0,15
31500,1981,58,0,0,1,0,0,0,0,0
31501,1984,11,0,0,0,0,1,0,0,2
31526,1975,3,0,0,1,0,0,0,0,4
31534,1984,39,0,0,0,0,0,1,0,6
31537,1980,33,0,1,1,0,0,0,0,4
31539,1978,71,3,0,0,0,0,1,0,30
31561,1986,54,1,0,0,0,0,1,0,9
31575,1977,631,12,0,1,0,0,0,0,167
31582,1981,63,1,0,0,0,0,1,0,10
31595,1980,52,1,0,0,0,1,0,0,21
31609,1977,95,0,0,1,0,0,0,0,8
31620,1975,27,0,1,1,0,0,0,0,7
31641,1985,232,5,0,1,0,0,0,0,46
31646,1983,48,0,1,0,0,0,1,0,10
31652,1978,287,2,0,0,0,0,1,0,57
31665,1984,22,0,1,1,0,0,0,0,8
31682,1983,12,0,0,1,0,0,0,0,2
31747,1983,0,0,1,1,0,0,0,0,0
31750,1980,9,0,0,1,0,0,0,0,2
31757,1985,33,2,0,0,0,0,1,0,8
31758,1983,46,1,0,0,0,0,1,0,7
31781,1984,532,4,0,1,0,0,0,0,209
31808,1985,556,5,0,0,0,0,1,0,176
31809,1978,393,2,0,0,0,0,1,0,42
31860,1983,742,23,0,0,0,0,1,0,105
31874,1983,412,1,0,1,0,0,0,0,39
31957,1983,340,3,0,0,0,0,1,0,34
31980,1985,308,1,0,1,0,0,0,0,76
32005,1984,414,4,1,0,1,0,0,0,27
32087,1980,535,8,0,0,1,0,0,0,87
32120,1977,690,10,0,1,0,0,0,0,158
32156,1981,183,1,1,0,1,0,0,0,24
32184,1982,927,22,0,0,0,0,1,0,241
32195,1979,51,6,1,0,1,0,0,0,20
32231,1978,110,7,0,1,0,0,0,0,33
32290,1984,381,4,0,1,0,0,0,0,38
32325,1985,248,3,0,1,0,0,0,0,29
32351,1977,204,0,1,0,1,0,0,0,16
32372,1982,291,6,1,0,1,0,0,0,25
32400,1984,706,8,0,1,0,0,0,0,185
32420,1971,376,15,0,0,1,0,0,0,58
