nuid,total_month,birth,arrest,Complaints,Gender,White,Black,awd_perf,use_force
15,19,1983,29,0,0,1,0,4,2
25,18,1986,23,1,1,0,0,4,2
56,18,1982,34,0,0,0,0,16,3
62,18,1980,30,2,1,0,0,10,0
80,17,1979,24,1,0,0,0,6,2
116,17,1980,16,2,0,0,1,14,0
132,19,1987,28,0,0,1,0,13,0
142,17,1985,26,0,0,1,0,16,1
172,18,1974,5,0,0,0,0,0,0
176,17,1988,14,1,0,0,0,8,0
187,17,1980,27,0,0,0,0,8,0
193,19,1985,8,0,1,0,0,4,0
207,17,1973,23,0,0,0,0,6,1
209,18,1984,46,1,0,0,0,12,0
211,18,1974,33,1,0,0,0,8,0
234,18,1984,7,0,0,1,0,2,0
242,20,1981,39,2,0,0,1,4,0
251,18,1986,16,0,1,1,0,12,0
254,18,1984,31,0,0,1,0,7,0
255,18,1981,30,0,0,0,0,11,0
264,18,1978,22,0,1,1,0,10,0
273,18,1980,4,0,1,1,0,0,0
303,17,1976,17,0,0,0,0,4,0
305,18,1983,13,0,0,0,0,2,1
430,18,1979,33,0,0,0,0,4,2
432,18,1984,20,0,0,1,0,7,0
452,18,1983,26,0,0,1,0,10,0
464,18,1982,77,1,0,1,0,15,2
474,18,1983,43,0,0,0,0,4,0
484,17,1977,22,0,0,0,0,2,1
491,17,1979,29,1,0,0,0,17,0
492,18,1987,23,1,0,0,0,12,2
493,19,1979,8,0,0,0,0,3,0
494,19,1977,21,1,0,0,0,7,1
495,19,1986,9,1,0,0,0,5,0
497,18,1977,88,1,0,0,0,3,1
546,17,1981,70,1,0,0,0,14,3
553,24,1979,7,0,0,0,0,6,1
557,19,1980,16,0,0,0,0,5,0
558,19,1976,23,1,0,1,0,8,0
623,18,1987,19,0,0,1,0,6,1
643,19,1979,17,1,0,0,1,6,2
649,17,1986,14,0,0,1,0,2,0
683,19,1982,14,0,0,1,0,4,0
686,18,1985,27,0,0,0,1,6,1
687,17,1983,18,0,0,0,1,2,0
731,22,1976,17,0,0,0,1,4,0
743,17,1982,66,1,0,1,0,8,1
758,18,1982,29,1,0,1,0,4,0
772,19,1985,28,0,0,0,0,4,0
779,18,1984,40,1,0,0,0,16,0
781,18,1986,11,0,1,0,0,6,1
789,17,1982,14,1,1,0,0,4,2
794,18,1978,12,1,1,0,1,17,0
813,18,1981,9,0,0,0,0,2,0
822,18,1980,7,0,1,0,0,8,0
824,17,1980,15,0,0,1,0,4,0
826,18,1982,30,1,1,0,0,5,1
862,17,1986,20,0,1,0,0,12,1
874,17,1984,14,0,0,0,0,4,0
878,18,1985,16,0,0,0,0,12,1
883,18,1982,29,0,0,0,0,4,0
884,18,1987,20,0,0,0,0,8,1
897,19,1982,22,0,0,1,0,8,0
906,18,1984,30,2,0,0,0,6,1
917,17,1983,7,0,0,0,0,14,0
975,18,1977,42,1,0,0,0,8,0
989,17,1984,1,0,0,0,0,2,0
991,17,1980,6,0,0,0,0,2,0
999,18,1985,10,0,0,0,0,5,0
1000,18,1984,17,0,0,0,0,14,0
1061,18,1986,17,0,0,1,0,8,1
1071,17,1979,11,0,0,0,0,7,1
1077,18,1982,10,0,0,0,0,0,1
1093,81,1986,16,0,1,0,1,4,1
1107,18,1981,57,0,0,1,0,8,0
1128,18,1982,41,0,0,1,0,2,1
1130,18,1977,44,3,0,0,1,7,0
1136,17,1986,22,2,0,1,0,2,0
1144,18,1985,9,0,0,1,0,6,0
1151,17,1983,11,1,0,1,0,3,1
1197,18,1985,12,0,0,1,0,4,0
1201,17,1980,20,0,0,1,0,4,0
1221,18,1980,8,0,0,1,0,6,0
1225,17,1977,12,0,0,0,0,2,0
1262,18,1983,33,1,0,1,0,12,1
1263,18,1983,35,1,0,1,0,8,1
1267,18,1974,24,1,0,1,0,10,0
1286,17,1974,9,0,1,1,0,2,0
1347,18,1982,38,0,1,0,1,3,0
1352,18,1986,69,4,0,1,0,16,4
1377,17,1985,22,0,0,0,0,6,3
1384,18,1975,16,0,1,0,0,10,0
1419,19,1974,30,0,1,0,0,3,0
1489,19,1987,16,0,0,1,0,14,0
1505,17,1987,11,0,0,1,0,2,0
1544,18,1983,50,1,1,1,0,9,1
1563,18,1983,10,1,1,1,0,4,0
1570,18,1981,27,0,0,0,0,2,0
1577,19,1985,15,0,0,1,0,6,0
1603,18,1988,5,0,0,0,1,2,1
1623,17,1982,20,1,0,0,0,2,0
1624,19,1974,12,1,0,0,0,8,0
1632,19,1982,16,0,1,0,1,5,0
1652,18,1985,18,1,1,0,0,10,1
1656,18,1979,38,0,0,1,0,20,1
1747,18,1978,29,1,0,0,0,8,2
1759,18,1986,6,0,0,0,1,7,0
1788,18,1972,27,2,0,0,1,9,1
1859,18,1982,18,0,0,0,0,15,1
1898,18,1984,33,2,0,1,0,5,0
1899,18,1980,16,1,0,1,0,2,0
1910,18,1986,16,0,0,1,0,1,0
1934,19,1978,30,1,1,1,0,0,1
1962,19,1986,19,1,0,1,0,3,2
2021,17,1985,34,0,0,1,0,12,0
2031,18,1982,42,3,0,1,0,6,0
2037,18,1987,21,0,0,1,0,9,0
2044,18,1984,19,2,1,1,0,10,1
2048,18,1984,33,0,0,1,0,4,3
2060,18,1983,10,1,0,1,0,4,0
2068,18,1983,12,0,0,0,1,9,0
2070,18,1980,49,0,0,1,0,4,2
2096,18,1983,50,2,0,1,0,0,3
2099,18,1981,36,3,0,0,1,1,4
2135,18,1974,19,2,0,0,1,9,0
2139,18,1983,18,0,0,0,0,0,2
2141,18,1985,12,0,0,0,0,8,0
2171,17,1988,14,0,0,1,0,2,0
2205,17,1980,8,0,0,0,1,4,3
2218,18,1977,34,1,0,1,0,4,0
2247,19,1983,16,0,0,1,0,6,0
2277,18,1978,22,0,0,1,0,7,2
2279,18,1983,11,1,0,1,0,4,0
2301,18,1981,15,0,0,0,0,6,1
2347,18,1981,25,0,1,0,1,4,0
2362,18,1983,35,0,1,1,0,4,0
2414,17,1971,8,0,1,1,0,8,1
2418,18,1983,40,0,0,0,0,12,0
2422,17,1982,33,1,0,1,0,8,1
2430,17,1974,11,1,0,1,0,8,0
2449,19,1985,4,0,0,1,0,10,0
2482,18,1985,14,0,0,0,1,6,0
2506,18,1985,28,0,0,1,0,10,0
2556,18,1983,40,0,1,1,0,17,0
2605,19,1977,17,0,0,0,1,7,0
2632,18,1973,38,1,0,1,0,4,1
2659,17,1972,49,0,0,0,1,6,0
2665,19,1978,19,0,0,0,0,8,2
2680,18,1985,7,0,1,0,1,5,0
2722,18,1976,22,0,0,1,0,10,0
2731,19,1981,20,0,0,1,0,16,0
2797,18,1984,22,0,0,1,0,9,0
2804,19,1982,0,0,0,1,0,16,0
2816,18,1986,20,0,0,1,0,15,1
2832,18,1981,27,0,0,1,0,6,2
2834,18,1986,20,0,0,0,0,10,0
2874,18,1980,17,1,0,0,1,22,1
2907,19,1981,14,0,1,0,1,1,2
2908,18,1978,7,0,0,0,1,6,1
2988,18,1983,31,0,1,0,1,11,2
2995,18,1975,58,1,0,0,1,6,1
3002,17,1974,22,0,0,0,1,4,0
3003,18,1978,41,2,0,1,0,14,0
3028,17,1981,29,0,0,0,1,2,0
3034,19,1987,16,0,1,0,1,0,1
3043,19,1986,13,0,0,1,0,12,0
3044,17,1980,10,0,0,1,0,2,0
3103,19,1984,23,0,0,1,0,6,0
3113,19,1980,25,0,1,1,0,2,0
3133,18,1980,12,0,0,1,0,6,0
3162,18,1984,10,0,0,0,1,4,0
3163,18,1982,20,0,1,0,0,2,0
3165,23,1975,11,0,0,0,1,8,0
3166,18,1982,25,0,0,0,1,5,0
3167,19,1980,30,0,0,1,0,3,0
3216,19,1986,15,1,0,1,0,4,1
3286,18,1982,16,1,0,1,0,10,1
3295,18,1986,16,0,0,1,0,10,1
3296,18,1987,13,0,0,1,0,0,1
3304,18,1984,29,1,0,1,0,7,0
3307,17,1986,24,1,0,0,0,8,1
3309,19,1986,21,0,0,1,0,22,0
3323,18,1981,23,0,1,0,0,4,0
3376,18,1986,19,0,0,0,0,24,1
3377,18,1986,15,0,0,1,0,3,0
3379,18,1977,25,3,0,0,1,2,0
3411,17,1983,13,0,0,0,1,4,1
3412,18,1985,14,0,0,1,0,4,0
3455,18,1987,18,0,0,1,0,6,0
3465,18,1987,14,0,0,1,0,4,1
3494,18,1981,54,2,0,1,0,4,1
3548,18,1982,59,5,0,1,0,6,4
3559,18,1987,9,0,0,1,0,6,0
3567,19,1982,22,0,0,0,0,4,0
3581,18,1977,24,0,1,0,1,8,1
3645,18,1986,30,0,0,0,0,10,2
3648,18,1987,27,0,0,0,0,8,1
3656,17,1982,16,1,0,0,1,8,0
3664,17,1971,45,1,0,0,1,2,0
3693,18,1983,38,2,0,1,0,18,3
3772,18,1987,26,0,0,1,0,6,0
3780,18,1973,6,0,0,0,0,2,0
3781,18,1987,19,0,1,0,0,4,1
3801,18,1979,105,1,0,1,0,20,2
3822,18,1982,102,0,0,1,0,26,0
3905,18,1979,50,0,0,1,0,11,0
3937,18,1984,44,1,0,1,0,23,0
3951,18,1989,13,0,0,1,0,8,0
3980,19,1983,11,2,0,0,0,1,0
3981,18,1978,33,1,0,0,0,6,0
3988,19,1976,22,0,0,0,0,10,0
3989,19,1984,37,1,0,0,0,5,2
3996,17,1973,23,0,0,0,0,10,1
3997,18,1983,33,0,0,0,0,10,0
4000,18,1974,11,1,0,0,0,4,2
4004,19,1984,18,1,0,1,0,0,0
4029,18,1982,39,2,0,1,0,7,1
4071,17,1981,17,0,0,1,0,5,0
4102,18,1981,52,3,0,0,0,6,2
4178,19,1981,6,0,0,0,0,4,1
4185,17,1989,19,0,0,0,0,2,0
4196,17,1974,7,0,0,0,0,6,0
4210,18,1976,13,0,0,0,0,4,0
4217,17,1983,16,1,0,0,0,2,0
4220,18,1983,15,1,0,0,0,5,1
4229,19,1987,8,0,0,1,0,8,0
4234,18,1974,11,0,1,0,1,4,0
4251,18,1984,18,1,0,1,0,5,0
4289,19,1985,28,1,0,1,0,4,3
4313,18,1975,9,0,0,0,0,8,0
4325,18,1970,18,0,0,0,1,8,0
4330,17,1980,13,0,1,1,0,8,0
4345,19,1980,44,1,0,0,0,10,2
4362,19,1982,29,0,0,0,0,8,0
4369,18,1970,26,0,1,0,1,10,0
4382,18,1979,8,0,0,0,1,10,1
4397,18,1970,26,0,0,0,0,2,1
4437,18,1982,25,0,1,1,0,10,0
4439,18,1977,33,1,0,1,0,12,3
4444,19,1976,13,0,0,0,1,8,2
4445,18,1986,10,0,0,0,0,24,0
4459,18,1986,11,0,1,0,0,5,0
4461,18,1980,31,0,0,1,0,8,0
4473,18,1978,51,1,0,0,0,8,1
4506,18,1988,14,0,1,0,0,14,0
4507,19,1983,8,0,0,0,0,6,1
4538,18,1988,13,1,0,1,0,6,1
4543,17,1980,17,1,0,1,0,12,0
4546,17,1978,21,0,0,1,0,8,0
4550,18,1980,11,0,0,0,0,3,0
4551,17,1975,13,1,0,1,0,6,0
4575,19,1987,30,0,0,1,0,4,0
4578,21,1984,7,0,0,0,0,5,0
4580,17,1983,13,0,0,1,0,7,1
4597,18,1987,10,0,0,1,0,5,0
4607,19,1981,22,0,0,1,0,13,0
4618,18,1984,18,0,0,0,0,10,2
4658,18,1979,52,0,0,0,0,9,2
4678,17,1982,12,0,0,1,0,2,0
4686,18,1985,18,0,1,1,0,6,0
4697,18,1976,27,1,0,0,0,6,0
4716,17,1982,5,0,0,1,0,8,0
4720,17,1982,12,0,0,1,0,2,0
4745,18,1983,34,1,1,1,0,4,1
4751,18,1985,9,0,0,1,0,6,1
4752,18,1984,9,0,0,0,1,22,0
4754,18,1984,24,1,1,1,0,8,0
4790,18,1973,37,2,0,1,0,22,1
4800,21,1981,7,0,0,0,1,5,0
4840,17,1980,39,1,0,1,0,8,0
4852,18,1969,46,4,1,0,1,4,1
4866,18,1973,33,0,1,1,0,3,0
4871,17,1984,20,0,0,1,0,2,1
4877,19,1973,30,1,0,0,0,12,0
4891,17,1978,13,0,0,1,0,4,2
4893,18,1976,14,0,1,0,1,6,0
4894,19,1985,18,0,0,0,1,21,0
4899,18,1987,17,1,0,1,0,12,0
4918,19,1983,25,0,0,1,0,16,0
4947,18,1979,11,0,0,0,1,6,0
4950,18,1985,10,0,0,0,1,7,0
4977,17,1988,9,0,0,1,0,10,1
4980,18,1984,0,0,0,0,1,8,0
4987,18,1975,6,0,0,0,1,0,0
4996,22,1979,6,0,0,1,0,4,0
5003,66,1983,70,2,0,0,0,10,1
5036,18,1986,11,0,0,1,0,0,0
5055,19,1984,17,1,0,1,0,6,3
5084,24,1979,47,0,0,0,0,8,1
5100,22,1975,18,0,0,0,0,4,1
5126,18,1979,24,0,1,1,0,4,0
5144,18,1984,45,0,0,0,1,8,0
5149,18,1988,12,1,0,0,0,2,1
5178,19,1982,52,0,0,1,0,5,3
5209,18,1983,39,2,0,1,0,4,0
5220,18,1985,46,0,0,1,0,6,2
5289,26,1987,21,1,0,1,0,6,2
5330,18,1978,14,0,0,1,0,9,0
5343,18,1982,62,1,0,1,0,5,2
5373,17,1979,8,0,0,1,0,5,0
5380,19,1987,27,0,0,1,0,6,2
5412,18,1982,57,0,0,0,0,5,2
5421,18,1983,35,1,0,0,0,5,0
5428,19,1984,19,0,0,1,0,8,0
5453,18,1983,23,0,0,1,0,7,4
5469,18,1978,17,0,1,1,0,6,0
5492,18,1981,13,0,0,0,1,4,0
5515,18,1988,14,2,0,0,0,2,1
5533,17,1979,21,0,0,1,0,6,3
5548,18,1976,6,0,0,0,0,4,1
5564,18,1983,33,0,1,1,0,10,2
5588,19,1986,24,0,0,1,0,6,0
5608,19,1987,15,0,0,1,0,8,0
5620,18,1982,22,2,0,0,1,4,0
5624,19,1969,39,4,0,0,1,6,5
5661,19,1974,20,1,0,0,1,11,1
5677,19,1978,11,0,0,1,0,6,0
5678,18,1978,3,0,1,1,0,4,0
5740,18,1985,8,0,0,1,0,4,0
5766,17,1983,29,1,0,1,0,6,4
5827,18,1982,15,0,0,0,0,12,0
5829,21,1986,11,0,0,0,0,7,2
5831,18,1982,48,0,1,0,0,14,0
5834,18,1982,39,2,0,0,0,20,1
5852,19,1972,9,0,0,0,0,4,0
5909,19,1984,43,1,0,1,0,5,1
5913,18,1985,26,0,0,1,0,4,1
5924,18,1979,32,0,0,1,0,6,0
5925,18,1985,24,0,1,1,0,10,1
5929,47,1980,55,4,0,0,0,2,0
5932,18,1982,21,1,1,0,1,8,0
5942,17,1984,25,3,0,1,0,6,0
5956,17,1977,26,0,0,1,0,10,0
5962,19,1987,19,1,0,1,0,20,1
5989,18,1979,21,0,0,1,0,4,0
5990,18,1982,52,1,0,1,0,18,0
5996,17,1983,31,0,0,1,0,8,0
5997,19,1987,31,0,0,1,0,16,1
6004,18,1986,23,0,0,1,0,8,2
6130,19,1984,96,0,0,1,0,16,3
6207,19,1977,42,1,0,0,0,1,1
6234,18,1972,29,0,1,0,1,2,0
6258,18,1988,7,0,0,0,0,8,0
6264,17,1986,22,0,0,1,0,4,1
6320,19,1988,19,1,0,0,1,14,0
6328,18,1971,15,0,1,0,1,8,0
6341,17,1978,12,0,1,0,1,0,0
6348,18,1985,19,1,0,0,1,4,0
6353,17,1973,21,0,0,0,1,8,1
6363,17,1985,4,0,0,0,1,4,0
6374,22,1983,11,0,1,0,1,0,0
6375,17,1987,8,0,0,0,1,2,1
6419,19,1976,15,0,0,0,0,10,0
6433,21,1984,24,0,1,0,0,16,0
6529,18,1972,45,0,0,0,1,8,3
6537,18,1970,35,2,0,0,1,6,0
6546,27,1978,56,1,0,0,0,25,0
6560,19,1986,32,1,1,1,0,4,1
6593,19,1984,73,0,1,1,0,10,0
6596,18,1981,13,0,0,0,0,6,3
6598,18,1977,31,2,0,1,0,2,0
6609,18,1986,7,0,0,0,0,6,2
6650,18,1985,42,1,0,0,0,4,1
6656,17,1983,9,1,0,0,0,4,1
6657,17,1976,15,0,1,0,0,12,0
6659,19,1985,16,1,0,0,0,4,0
6665,18,1983,25,1,0,0,0,15,1
6666,17,1985,7,0,0,0,0,10,0
6671,18,1978,22,1,0,0,0,4,1
6673,18,1982,24,0,0,0,0,10,0
6675,18,1984,10,0,0,0,0,0,0
6678,19,1984,35,1,0,0,0,11,2
6680,20,1981,37,0,0,0,0,7,0
6702,18,1982,33,2,0,0,0,8,0
6705,18,1984,33,2,0,1,0,12,0
6713,18,1982,11,0,0,0,1,6,0
6716,18,1985,11,0,0,1,0,8,0
6718,17,1973,23,0,1,1,0,8,0
6726,18,1982,4,0,0,1,0,6,0
6740,18,1978,43,1,0,0,1,10,0
6755,17,1986,12,0,0,1,0,2,1
6769,18,1980,53,1,0,1,0,15,1
6803,19,1987,41,1,0,1,0,13,2
6843,18,1984,46,0,0,0,0,7,2
6850,19,1979,17,0,0,0,0,7,0
6854,19,1982,52,0,0,0,0,7,0
6857,18,1979,16,0,0,0,0,11,0
6858,19,1982,20,1,0,0,0,3,0
6859,17,1980,34,0,0,0,0,6,0
6860,18,1979,29,1,0,0,0,13,0
6863,19,1984,27,0,0,1,0,2,0
6864,18,1982,26,0,0,1,0,12,1
6866,19,1987,16,0,0,0,0,20,2
6913,19,1988,15,1,0,1,0,11,0
6915,18,1982,27,0,0,1,0,19,0
6936,19,1984,38,1,0,1,0,5,1
6987,18,1976,29,2,0,0,1,11,0
7001,18,1982,21,0,0,1,0,4,0
7002,18,1984,16,0,0,1,0,6,1
7005,17,1985,6,0,0,0,1,10,0
7078,17,1983,8,0,0,1,0,8,1
7079,17,1986,16,0,0,0,0,10,0
7099,17,1986,24,0,0,0,1,2,2
7123,19,1987,41,0,0,1,0,1,0
7128,19,1970,22,0,1,0,1,6,0
7143,18,1988,19,1,0,1,0,8,1
7158,18,1983,17,0,0,1,0,10,2
7170,18,1983,6,0,0,1,0,8,0
7249,18,1973,40,2,1,0,1,8,0
7313,18,1977,27,0,1,1,0,2,0
7326,18,1986,22,0,0,1,0,4,0
7328,18,1980,28,1,1,1,0,5,0
7329,18,1983,27,2,1,1,0,20,1
7386,18,1983,23,2,0,0,0,8,2
7388,17,1980,13,0,0,1,0,5,0
7391,19,1986,23,0,1,1,0,5,0
7400,18,1979,5,0,0,0,0,2,0
7406,18,1984,23,0,0,1,0,5,1
7425,19,1986,15,0,0,0,0,10,0
7429,18,1982,20,0,0,1,0,4,0
7464,18,1986,4,2,0,1,0,2,0
7489,18,1986,14,0,0,1,0,4,0
7515,18,1984,13,0,0,1,0,6,0
7577,17,1985,26,0,0,0,0,8,0
7578,18,1979,18,1,0,1,0,2,0
7601,18,1985,25,0,0,1,0,12,0
7603,17,1979,24,0,0,1,0,10,3
7608,17,1980,26,0,0,0,0,8,0
7700,17,1975,9,1,1,0,1,0,0
7719,17,1983,11,0,0,1,0,3,0
7735,17,1981,21,0,0,1,0,18,1
7773,17,1980,11,1,1,0,1,4,0
7774,17,1986,17,1,0,0,1,16,3
7776,18,1981,23,0,0,0,1,6,1
7841,17,1983,15,0,0,1,0,6,0
7877,18,1988,26,1,0,1,0,8,0
7915,19,1983,19,0,0,0,1,3,1
7924,18,1984,32,0,0,1,0,11,1
7935,18,1975,11,1,1,0,1,2,0
7940,18,1971,34,1,1,1,0,9,0
7960,18,1983,11,0,0,0,0,8,0
7997,17,1984,13,1,0,1,0,6,0
8005,19,1980,45,0,0,1,0,4,1
8007,18,1984,45,1,0,0,1,3,5
8026,18,1988,14,0,0,0,0,7,1
8030,18,1984,11,0,0,0,0,12,0
8033,18,1985,31,1,0,0,0,14,1
8037,18,1984,34,0,1,1,0,11,1
8063,18,1982,17,0,0,0,0,10,1
8065,19,1985,21,0,0,0,0,6,0
8092,18,1986,51,1,1,1,0,18,1
8098,18,1984,23,0,0,0,0,6,0
8100,18,1986,5,0,0,0,0,6,0
8101,18,1971,25,4,0,0,0,7,2
8138,18,1987,20,1,0,1,0,22,1
8144,18,1984,42,0,0,1,0,9,0
8168,18,1977,43,2,0,1,0,17,3
8217,18,1978,10,0,1,0,0,4,1
8247,18,1985,34,2,0,0,0,4,1
8252,19,1986,10,0,0,1,0,7,0
8260,19,1982,13,0,1,0,1,0,0
8299,18,1983,39,0,0,1,0,8,0
8303,19,1987,30,1,0,1,0,18,0
8330,17,1982,23,0,0,0,0,0,0
8334,18,1977,25,0,0,0,0,9,1
8354,19,1986,35,2,0,1,0,13,1
8362,18,1983,12,0,0,1,0,12,0
8366,18,1977,25,1,1,1,0,4,0
8383,18,1987,17,0,0,1,0,6,0
8394,18,1987,21,0,0,1,0,11,2
8399,18,1986,14,0,1,1,0,9,0
8407,18,1980,12,0,0,0,0,4,0
8408,18,1976,44,0,0,0,0,25,0
8433,18,1988,9,0,0,1,0,2,0
8484,17,1985,26,2,0,1,0,8,1
8497,18,1983,12,0,1,0,0,8,0
8586,18,1984,31,0,1,1,0,12,0
8623,19,1987,42,0,0,1,0,0,0
8643,18,1984,59,1,0,1,0,18,0
8702,18,1987,12,0,0,1,0,10,0
8742,18,1983,13,0,1,0,1,0,0
8743,18,1981,7,0,1,0,1,4,0
8765,19,1983,46,0,0,0,0,10,0
8787,18,1980,33,0,0,0,0,7,1
8796,18,1977,20,1,0,0,0,15,0
8802,18,1988,20,0,0,0,0,8,1
8803,17,1985,16,1,1,0,0,2,1
8804,19,1988,11,0,0,0,0,10,2
8806,18,1978,10,0,1,0,0,4,0
8814,18,1982,15,0,0,0,0,14,0
8816,18,1984,28,1,0,1,0,2,0
8821,18,1981,40,0,1,0,1,11,1
8886,32,1981,72,2,0,1,0,14,5
8888,17,1986,13,0,1,1,0,2,0
8892,18,1980,10,0,0,0,0,6,0
8895,17,1979,11,0,0,0,0,10,0
8896,19,1976,18,1,0,0,0,6,0
8907,18,1986,14,0,0,1,0,8,3
9009,18,1981,30,1,0,1,0,16,3
9027,18,1981,14,0,1,1,0,4,0
9031,17,1983,19,0,0,1,0,2,0
9037,18,1973,55,0,0,1,0,1,4
9041,18,1984,33,0,1,0,0,9,1
9060,18,1978,41,0,0,0,0,22,0
9084,18,1983,7,0,0,0,1,9,0
9091,18,1974,15,0,1,1,0,2,0
9113,27,1978,9,1,0,0,1,1,0
9156,17,1984,14,1,0,1,0,2,1
9180,18,1982,99,2,0,1,0,4,2
9204,18,1985,17,0,0,1,0,2,0
9238,18,1986,5,0,0,0,0,10,0
9260,18,1977,68,0,0,0,0,8,1
9266,19,1979,37,0,0,0,1,5,0
9270,18,1984,39,1,0,1,0,4,0
9280,19,1986,32,0,0,1,0,19,1
9321,30,1983,34,0,0,1,0,9,1
9343,18,1987,30,1,0,1,0,8,2
9357,18,1988,14,0,0,1,0,0,0
9362,18,1972,36,1,1,0,0,4,0
9369,18,1985,16,2,1,1,0,10,1
9379,18,1978,53,2,0,0,0,26,5
9413,18,1987,11,1,0,1,0,2,2
9427,19,1983,22,0,0,0,0,4,0
9430,17,1981,5,0,0,0,0,0,0
9445,18,1976,14,0,1,0,0,2,0
9455,28,1986,24,1,1,0,0,2,0
9466,19,1975,20,1,0,0,1,4,0
9469,18,1981,8,0,0,0,0,2,0
9495,18,1979,17,0,0,1,0,5,0
9512,18,1988,14,0,1,1,0,6,0
9569,19,1983,38,1,0,0,0,2,1
9570,18,1979,18,0,1,0,0,10,1
9573,17,1983,25,1,0,0,0,8,2
9579,19,1985,18,0,0,0,0,4,0
9586,17,1983,67,0,0,0,0,2,0
9587,18,1980,44,1,0,0,0,2,1
9588,18,1984,10,0,0,0,0,6,1
9590,18,1984,19,0,0,0,0,12,0
9591,17,1985,16,0,0,0,0,12,1
9596,18,1983,15,0,0,0,0,12,3
9598,18,1986,6,0,0,0,0,4,0
9607,18,1981,9,0,0,0,0,10,0
9726,18,1981,24,1,0,0,0,3,0
9731,19,1978,17,0,0,1,0,7,0
9739,18,1978,5,0,0,1,0,4,0
9807,18,1981,47,2,0,1,0,12,2
9809,18,1981,31,0,0,1,0,5,0
9846,18,1983,46,0,0,1,0,9,0
9888,18,1985,19,0,0,1,0,14,2
9947,18,1984,18,0,0,0,0,11,0
9949,18,1985,15,0,0,0,0,6,0
9985,18,1984,41,1,0,1,0,7,0
10004,19,1983,14,1,0,0,1,8,0
10010,17,1973,19,0,1,0,1,6,3
10016,18,1981,51,3,0,1,0,5,0
10044,18,1972,29,1,0,0,0,6,1
10055,18,1983,11,0,0,0,1,2,0
10083,19,1989,33,0,0,1,0,10,1
10118,23,1974,19,0,0,0,0,6,1
10126,18,1974,6,0,1,1,0,8,0
10180,18,1980,43,0,0,1,0,2,1
10181,18,1978,34,1,0,1,0,8,1
10200,18,1977,22,0,0,1,0,15,1
10215,18,1976,53,0,0,0,0,6,0
10243,22,1983,20,0,0,0,0,14,2
10250,19,1985,20,0,0,0,0,1,0
10256,18,1974,23,0,0,0,0,14,0
10261,18,1977,17,0,0,0,0,10,0
10262,18,1980,59,3,0,0,0,7,0
10264,18,1982,11,0,0,0,0,7,1
10271,18,1986,24,0,0,0,0,4,0
10283,18,1981,33,0,1,0,0,7,0
10318,18,1970,28,0,1,0,0,3,0
10326,18,1985,50,0,1,0,0,16,0
10332,18,1988,7,0,0,0,0,6,0
10343,18,1987,13,0,1,0,0,8,0
10344,18,1975,27,0,1,0,0,3,0
10354,18,1984,24,2,1,0,0,4,1
10355,19,1983,9,1,0,0,0,8,0
10359,18,1977,19,1,0,0,0,4,0
10370,18,1981,37,0,0,0,0,12,0
10416,18,1970,48,0,0,1,0,8,2
10463,19,1985,26,0,0,1,0,16,0
10467,18,1981,22,0,0,1,0,8,0
10490,18,1984,50,0,0,1,0,5,0
10504,18,1981,36,0,0,1,0,6,0
10513,18,1980,6,0,1,1,0,4,0
10534,18,1977,15,0,0,1,0,0,2
10566,19,1986,16,0,0,0,0,10,1
10573,18,1983,40,0,0,1,0,9,1
10578,19,1986,10,0,0,1,0,6,0
10653,17,1980,21,1,0,1,0,6,0
10690,18,1980,53,1,1,0,1,10,2
10691,18,1985,4,0,1,0,1,5,0
10718,19,1982,26,0,0,1,0,6,0
10725,23,1984,19,0,0,0,1,2,0
10814,18,1979,16,0,0,1,0,6,3
10873,18,1982,32,1,1,1,0,6,0
10888,17,1988,5,0,0,1,0,4,0
10930,21,1976,25,0,0,0,0,4,1
10941,18,1981,7,0,0,0,0,4,0
10957,18,1982,28,1,0,0,0,5,0
10958,17,1976,6,0,1,0,0,6,1
10959,17,1984,52,0,0,0,0,9,1
10970,18,1977,27,0,0,1,0,24,0
11025,17,1975,17,0,0,1,0,8,0
11086,18,1982,59,0,0,0,0,7,0
11092,18,1976,68,2,0,0,0,8,0
11093,17,1983,28,0,0,0,0,4,1
11094,17,1982,22,1,1,0,0,4,0
11098,18,1986,9,0,0,0,0,6,1
11127,18,1980,72,1,0,1,0,11,0
11148,18,1980,6,1,0,1,0,12,1
11157,18,1981,15,0,1,1,0,2,0
11165,18,1985,51,1,1,1,0,6,0
11167,17,1980,7,0,1,0,1,8,0
11256,18,1984,47,1,0,1,0,20,8
11274,18,1987,8,2,0,1,0,9,0
11290,27,1978,24,0,1,0,1,5,0
11293,19,1985,4,1,1,0,1,7,1
11305,19,1970,45,5,0,1,0,6,1
11373,19,1979,14,1,1,0,0,6,0
11375,18,1985,12,1,0,1,0,14,3
11397,17,1977,10,0,0,0,1,6,1
11402,17,1985,16,0,0,1,0,10,1
11408,18,1970,21,2,1,1,0,6,0
11450,19,1978,12,0,0,0,0,5,1
11460,18,1984,42,1,0,0,1,9,0
11510,18,1978,32,0,0,1,0,4,2
11538,18,1970,27,0,0,0,1,6,2
11539,18,1972,40,1,0,0,1,12,1
11586,21,1980,15,1,1,1,0,4,0
11605,18,1984,18,1,1,1,0,7,0
11649,18,1987,23,0,0,1,0,4,1
11685,18,1983,48,4,0,1,0,6,2
11688,19,1985,62,0,0,1,0,4,4
11691,18,1972,19,0,0,0,1,7,0
11706,30,1982,40,0,0,1,0,21,4
11707,18,1974,22,0,1,0,0,8,0
11803,18,1974,46,1,0,1,0,13,2
11807,19,1986,46,0,0,1,0,6,3
11833,18,1984,32,2,1,1,0,1,0
11880,18,1977,39,4,1,0,1,2,0
11896,18,1988,8,1,0,1,0,8,0
11898,18,1975,11,1,1,1,0,8,0
11901,21,1986,31,0,1,1,0,15,0
12000,18,1984,27,1,0,1,0,8,0
12005,19,1986,20,0,0,0,0,4,1
12023,18,1978,25,0,0,0,0,3,0
12035,17,1985,29,0,0,0,0,4,0
12044,17,1983,22,1,0,0,0,14,0
12048,18,1984,17,1,0,0,0,2,5
12055,24,1978,23,0,0,0,0,3,1
12056,17,1982,34,1,0,0,0,12,0
12057,18,1975,28,0,0,0,0,13,0
12058,18,1971,36,0,0,0,0,7,1
12059,18,1972,16,0,1,1,0,8,0
12065,17,1988,17,0,0,0,0,6,0
12066,19,1987,21,1,0,0,0,8,0
12087,18,1983,44,1,0,0,0,9,0
12096,18,1985,9,0,0,1,0,4,0
12124,17,1989,12,3,0,1,0,5,1
12180,17,1978,38,0,0,1,0,10,1
12233,17,1982,25,0,0,0,1,0,0
12257,18,1983,46,0,0,1,0,8,1
12302,18,1989,12,1,0,1,0,2,0
12306,18,1984,20,1,0,1,0,3,1
12329,18,1977,47,1,1,1,0,23,1
12336,17,1988,8,0,0,1,0,8,0
12337,17,1985,29,0,0,1,0,6,0
12343,30,1982,52,1,1,0,1,10,0
12350,18,1987,6,0,0,1,0,4,0
12376,18,1984,19,0,1,1,0,5,0
12377,18,1974,56,1,1,1,0,11,2
12381,18,1982,11,0,0,0,0,6,1
12415,19,1984,12,2,0,0,1,4,1
12439,17,1978,24,1,0,0,1,4,1
12456,17,1984,8,0,0,1,0,2,1
12463,18,1981,38,0,1,0,1,10,0
12472,17,1982,18,0,0,1,0,2,1
12476,17,1973,11,0,1,1,0,6,0
12480,18,1975,36,1,0,0,1,8,5
12528,19,1971,23,1,0,0,1,1,1
12566,17,1986,31,0,0,1,0,10,1
12570,18,1981,19,0,0,1,0,13,0
12617,18,1988,26,0,0,1,0,4,0
12620,17,1974,13,0,1,0,1,6,0
12623,18,1986,23,0,1,1,0,6,0
12629,17,1972,11,1,0,0,1,4,0
12647,18,1976,16,0,0,1,0,11,2
12656,17,1978,10,0,0,0,1,6,1
12719,18,1983,45,1,0,1,0,10,0
12727,19,1981,5,0,1,0,1,8,0
12734,18,1974,7,0,0,0,0,6,0
12753,30,1983,26,0,0,0,1,5,2
12777,19,1987,45,3,0,1,0,12,0
12799,18,1983,33,1,0,1,0,5,0
12800,18,1986,9,0,1,0,1,2,0
12803,17,1984,40,1,0,1,0,6,2
12825,18,1973,28,0,1,1,0,4,1
12845,18,1983,4,0,0,1,0,6,0
12863,17,1985,10,0,0,0,0,8,0
12865,17,1982,15,1,0,1,0,10,1
12872,19,1984,20,0,0,1,0,4,3
12879,17,1988,6,0,0,1,0,4,0
12884,18,1981,20,0,0,0,0,6,1
12905,18,1976,12,1,0,1,0,6,1
12915,18,1985,4,0,1,0,0,6,0
12924,18,1983,59,1,0,1,0,3,1
12926,18,1982,18,1,0,0,1,4,0
12954,18,1988,17,0,1,0,0,12,0
12978,18,1974,18,0,1,0,0,3,0
12993,18,1979,43,0,0,1,0,5,1
12995,18,1982,18,0,0,1,0,2,0
13005,18,1979,9,1,1,0,0,4,0
13020,18,1982,65,4,0,0,0,3,2
13029,19,1981,32,0,0,1,0,13,0
13113,17,1979,1,0,0,0,1,4,0
13119,18,1984,11,1,0,0,1,8,0
13170,18,1979,49,0,1,0,0,8,0
13175,18,1985,25,2,0,1,0,8,1
13197,17,1980,26,0,0,1,0,8,0
13216,18,1987,23,1,0,1,0,6,1
13220,18,1980,30,0,1,0,1,6,1
13233,17,1982,27,0,0,1,0,4,3
13287,18,1981,15,0,0,1,0,4,0
13292,18,1977,31,0,0,1,0,5,1
13314,18,1987,25,0,0,1,0,4,0
13324,18,1974,17,0,1,1,0,7,0
13332,17,1986,42,0,0,1,0,10,0
13347,17,1984,21,1,0,0,1,8,2
13348,18,1987,33,0,0,0,0,24,3
13359,18,1975,23,1,0,1,0,12,1
13369,19,1978,8,1,0,0,1,5,0
13377,17,1976,35,1,0,1,0,20,0
13412,18,1988,12,0,0,1,0,0,1
13413,18,1982,46,1,0,0,1,8,0
13436,18,1982,12,0,0,0,0,2,1
13437,18,1980,10,0,1,0,0,2,0
13519,17,1975,24,0,0,1,0,8,1
13533,30,1982,22,1,0,1,0,6,0
13604,18,1972,54,3,0,0,1,2,7
13610,19,1983,37,1,0,0,1,2,1
13659,18,1982,17,0,1,1,0,14,0
13672,19,1983,22,0,0,1,0,16,0
13745,17,1978,22,0,0,0,1,5,0
13751,19,1986,32,0,0,1,0,15,0
13753,18,1983,33,1,1,0,1,5,0
13770,18,1978,35,1,0,0,1,8,0
13772,18,1980,27,0,1,0,1,2,2
13788,18,1987,10,0,0,0,1,15,0
13789,19,1983,8,0,0,0,1,6,1
13804,18,1985,33,2,0,0,1,8,2
13805,18,1986,17,0,0,0,1,7,0
13808,18,1972,38,1,1,0,1,2,1
13819,17,1984,15,1,0,0,1,8,1
13864,18,1984,35,0,0,0,1,2,0
13894,17,1985,49,3,0,1,0,16,2
13897,18,1982,32,0,0,0,0,4,1
13984,17,1985,56,2,0,1,0,14,7
14010,18,1984,12,0,0,1,0,4,0
14026,17,1988,26,1,0,1,0,12,0
14087,18,1986,16,0,0,1,0,4,0
14102,17,1974,15,0,0,1,0,4,0
14117,18,1988,7,0,1,1,0,12,0
14163,19,1981,16,0,0,1,0,14,0
14179,18,1983,17,0,0,0,0,8,0
14182,19,1986,36,0,0,1,0,11,0
14211,18,1979,44,1,0,1,0,4,1
14239,18,1979,6,0,0,1,0,4,0
14316,17,1985,37,2,0,1,0,8,2
14357,17,1981,13,1,0,0,0,2,0
14407,17,1985,27,0,0,1,0,19,3
14408,18,1982,34,0,1,1,0,8,1
14443,18,1982,21,0,0,1,0,8,1
14444,18,1985,20,0,0,1,0,16,0
14476,18,1981,10,0,0,0,1,2,0
14478,24,1982,15,3,0,1,0,4,1
14479,18,1976,31,0,0,1,0,2,1
14491,18,1978,40,0,0,1,0,4,1
14504,18,1984,34,2,0,1,0,3,1
14514,18,1974,28,0,1,1,0,3,1
14549,17,1980,16,0,0,0,0,4,0
14552,18,1973,30,0,0,0,0,7,1
14554,19,1985,51,1,1,0,0,12,0
14566,19,1981,39,1,0,1,0,9,0
14578,18,1985,25,0,0,1,0,3,2
14598,18,1982,26,0,1,1,0,8,1
14608,18,1985,18,0,1,0,0,4,0
14609,19,1983,25,0,0,0,0,8,0
14627,30,1982,14,0,0,1,0,6,0
14673,18,1981,22,0,0,0,1,4,0
14697,18,1985,19,1,0,1,0,10,2
14699,109,1966,28,0,0,0,1,6,0
14719,18,1987,20,0,0,1,0,8,0
14724,28,1979,27,0,0,1,0,16,1
14746,18,1984,10,0,0,1,0,8,0
14798,17,1973,13,0,0,1,0,8,0
14811,19,1986,19,0,0,1,0,8,0
14836,18,1984,17,0,0,1,0,2,0
14862,17,1984,27,0,0,1,0,10,0
14892,18,1982,34,0,0,1,0,9,1
14899,22,1986,18,0,0,1,0,2,3
14910,18,1988,11,0,0,1,0,4,0
14912,18,1985,17,0,0,1,0,4,0
14928,19,1987,11,0,1,1,0,8,0
14981,18,1984,49,1,0,1,0,11,1
14988,18,1984,15,0,1,1,0,12,0
15000,18,1987,16,0,0,1,0,4,1
15001,18,1984,22,0,0,1,0,6,1
15005,18,1985,39,2,0,1,0,6,0
15007,18,1976,21,0,0,1,0,2,0
15028,18,1982,21,0,1,1,0,6,0
15087,18,1982,19,0,0,1,0,0,0
15115,17,1976,15,1,0,0,0,4,0
15140,18,1979,18,1,0,1,0,3,0
15146,19,1986,32,0,0,1,0,12,0
15220,18,1983,11,0,0,1,0,3,0
15244,17,1985,14,0,0,1,0,4,0
15268,22,1981,22,1,0,1,0,8,0
15327,19,1985,15,0,0,1,0,6,2
15358,18,1981,25,1,0,1,0,8,1
15374,19,1987,31,1,0,1,0,18,1
15438,21,1987,17,0,0,1,0,6,1
15472,18,1984,57,0,0,1,0,7,4
15527,19,1989,32,2,0,1,0,6,2
15566,17,1971,18,1,0,0,0,8,0
15567,18,1983,33,0,0,1,0,13,2
15572,19,1981,19,1,0,1,0,5,3
15573,18,1982,25,1,0,0,0,8,1
15579,18,1980,13,0,0,1,0,2,0
15605,19,1987,17,0,0,1,0,11,0
15606,19,1978,11,2,0,0,1,7,2
15626,17,1975,21,0,0,0,0,4,0
15640,17,1986,14,0,0,0,1,4,0
15641,18,1976,17,0,0,1,0,6,1
15687,18,1982,21,1,0,1,0,2,1
15696,18,1980,36,0,1,0,0,5,0
15775,18,1984,62,1,0,1,0,12,1
15788,18,1983,8,0,0,1,0,4,0
15792,18,1982,49,0,0,0,0,4,1
15836,18,1973,31,0,0,1,0,3,0
15855,18,1986,19,0,0,1,0,8,0
15894,17,1985,18,1,1,1,0,6,0
15940,19,1984,11,1,0,0,0,4,0
15944,18,1981,14,0,1,0,1,4,1
15968,18,1985,33,0,0,1,0,2,0
15997,19,1982,28,0,0,1,0,6,3
16002,18,1984,4,0,0,0,0,4,0
16011,18,1983,28,0,0,1,0,10,0
16031,18,1974,24,1,0,0,0,8,0
16036,19,1979,15,0,1,0,0,10,1
16062,18,1982,34,1,0,1,0,8,3
16078,18,1987,25,1,0,1,0,10,1
16082,18,1983,15,0,0,1,0,1,0
16177,18,1982,9,1,1,0,1,4,0
16216,18,1975,14,0,0,0,0,6,0
16222,17,1986,12,0,0,0,0,4,0
16224,18,1975,15,1,1,1,0,4,0
16229,20,1982,41,2,0,1,0,3,2
16254,19,1984,15,0,0,0,0,9,1
16267,18,1974,25,0,1,1,0,6,0
16290,19,1986,22,0,0,1,0,10,1
16291,18,1984,14,0,0,1,0,3,0
16319,18,1975,35,0,0,1,0,6,0
16370,17,1982,27,0,0,1,0,4,1
16392,17,1982,20,0,0,0,1,7,0
16399,18,1984,37,0,1,1,0,9,0
16407,17,1980,11,0,0,0,0,12,1
16433,18,1982,24,0,0,1,0,5,0
16467,18,1976,12,0,0,0,1,11,1
16518,18,1977,21,0,1,0,0,5,0
16522,18,1977,8,0,0,0,0,3,1
16523,17,1983,10,0,1,0,0,12,0
16534,18,1985,12,0,0,0,0,4,2
16535,17,1971,8,1,0,0,0,1,0
16545,18,1984,28,1,0,0,0,8,0
16546,19,1976,44,3,0,0,0,5,2
16548,17,1977,21,0,0,0,0,2,0
16556,19,1975,18,1,1,0,0,6,0
16557,18,1972,89,2,0,0,0,5,2
16558,18,1976,7,0,0,0,0,2,0
16574,22,1979,35,1,0,0,1,2,0
16584,17,1981,26,0,0,1,0,16,0
16589,18,1981,10,0,0,0,0,9,0
16593,18,1982,31,1,0,1,0,16,0
16625,18,1977,14,0,0,1,0,6,0
16640,17,1984,17,0,1,0,1,4,0
16663,18,1985,34,1,0,0,0,10,0
16677,18,1985,14,0,0,1,0,6,1
16683,17,1988,3,0,1,1,0,6,0
16690,19,1986,23,1,1,0,0,11,0
16693,18,1984,5,1,1,1,0,4,0
16704,18,1984,42,2,0,1,0,12,1
16720,18,1980,19,1,0,0,0,3,0
16722,19,1981,25,0,0,1,0,9,2
16729,18,1989,14,1,0,0,0,6,1
16740,16,1982,1,0,0,0,0,6,0
16778,19,1987,23,0,0,1,0,6,0
16780,18,1980,33,3,1,0,1,3,0
16837,19,1978,22,0,0,0,1,4,0
16858,18,1985,45,0,0,0,0,21,0
16861,19,1982,9,0,0,0,0,12,2
16886,18,1984,36,1,0,1,0,12,0
16889,19,1976,6,0,0,1,0,12,1
16919,18,1982,48,3,0,1,0,4,0
16932,19,1978,31,3,0,0,0,10,3
16950,18,1984,41,2,0,1,0,6,3
16976,18,1979,8,0,0,1,0,6,1
17050,21,1979,50,0,1,1,0,12,1
17055,17,1973,11,0,1,0,0,6,0
17076,19,1970,31,1,0,0,0,2,2
17088,17,1982,14,0,0,1,0,2,0
17144,17,1984,12,0,0,0,1,0,4
17162,19,1974,14,1,1,1,0,3,0
17164,17,1980,21,2,0,0,1,6,0
17169,19,1980,12,0,0,0,0,6,0
17176,18,1985,10,0,0,0,0,14,0
17188,18,1984,55,1,0,1,0,10,3
17222,20,1986,12,0,1,1,0,1,0
17261,19,1985,27,0,0,1,0,12,0
17283,17,1988,17,0,1,1,0,10,1
17315,18,1979,13,0,0,1,0,8,1
17331,18,1986,27,0,0,1,0,9,0
17345,17,1984,24,1,0,0,0,6,0
17354,18,1985,33,1,0,1,0,8,2
17355,18,1971,14,0,1,0,0,3,0
17397,19,1978,13,0,0,1,0,6,0
17402,18,1986,13,0,1,0,0,6,1
17438,18,1981,26,2,0,0,1,6,1
17499,18,1973,43,4,0,0,1,2,0
17500,18,1977,0,0,0,0,1,6,0
17517,18,1977,7,1,0,0,1,10,1
17519,18,1985,33,1,0,1,0,10,0
17528,19,1978,13,0,1,0,1,7,0
17537,18,1978,46,1,1,1,0,9,0
17549,18,1983,29,0,1,0,0,17,0
17569,18,1984,10,0,0,0,0,30,0
17571,18,1979,17,1,0,0,0,11,2
17572,19,1986,20,0,0,0,0,9,1
17593,18,1985,23,1,0,0,0,14,2
17601,18,1974,33,1,0,0,0,5,0
17602,18,1985,10,0,0,0,0,1,0
17613,17,1981,5,1,0,0,0,6,0
17615,18,1980,19,0,0,0,0,9,1
17622,17,1983,14,0,0,0,0,14,0
17636,18,1985,54,0,0,1,0,6,2
17653,18,1986,32,0,0,1,0,10,1
17655,20,1982,7,0,0,1,0,1,0
17731,17,1981,17,0,1,0,1,2,3
17751,18,1975,39,2,0,0,1,12,1
17801,18,1980,17,1,0,1,0,2,1
17802,18,1984,5,0,0,1,0,0,0
17806,19,1981,15,0,1,1,0,3,0
17826,18,1978,28,2,0,0,1,3,3
17894,19,1987,15,0,0,1,0,4,0
17918,18,1982,15,1,0,1,0,6,0
17997,17,1982,14,0,0,0,1,4,0
17998,17,1986,7,0,1,0,1,2,0
18000,17,1984,18,0,0,1,0,5,1
18053,17,1978,24,0,0,0,1,4,0
18130,17,1973,14,1,1,0,1,8,0
18443,17,1982,21,0,0,1,0,13,0
18518,19,1982,37,2,0,1,0,7,1
18526,18,1984,48,4,0,1,0,8,1
18528,18,1986,31,1,0,1,0,13,6
18531,19,1983,44,0,0,1,0,8,3
18535,18,1985,63,1,0,0,0,8,3
18541,19,1983,50,1,0,0,1,1,0
18548,18,1983,19,0,0,1,0,2,2
18563,18,1980,16,0,0,0,1,9,1
18569,18,1988,15,0,0,1,0,6,0
18570,17,1982,43,4,0,1,0,14,5
18573,18,1987,15,0,0,1,0,4,1
18581,18,1981,71,1,0,1,0,14,0
18595,17,1977,38,1,0,1,0,6,2
18608,18,1979,51,2,0,0,1,2,0
18615,18,1985,22,1,0,1,0,8,0
18624,17,1978,25,1,1,0,0,8,0
18629,18,1979,27,0,1,0,1,2,0
18644,17,1982,25,1,0,0,1,4,1
18647,19,1985,26,0,0,1,0,2,1
18652,18,1980,34,1,0,1,0,2,2
18653,18,1987,25,0,0,1,0,14,0
18702,18,1985,16,0,0,0,0,16,1
18705,18,1979,45,2,0,1,0,4,1
18709,18,1982,6,0,0,0,0,4,0
18710,21,1980,41,0,1,0,0,2,1
18711,19,1980,18,0,1,0,0,0,1
18712,19,1987,29,0,0,0,0,9,1
18715,18,1983,49,1,0,0,0,3,1
18725,18,1988,25,0,0,1,0,5,2
18731,18,1974,15,0,0,0,1,5,0
18737,18,1979,47,0,0,1,0,8,1
18751,17,1988,21,2,0,1,0,12,1
18798,19,1981,27,0,0,0,0,2,2
18807,18,1984,46,1,0,0,0,7,0
18809,18,1988,12,0,0,0,0,4,1
18818,18,1981,26,1,0,0,0,7,0
18828,18,1975,13,0,0,0,0,4,0
18839,19,1986,16,0,0,1,0,10,0
18971,18,1979,37,1,0,1,0,10,0
18976,17,1982,31,0,0,1,0,12,0
18989,18,1980,7,0,1,0,1,4,0
18995,18,1983,47,0,0,1,0,4,0
19002,18,1974,8,0,0,1,0,8,0
19004,18,1983,68,0,0,1,0,4,0
19006,18,1987,10,1,0,1,0,10,0
19007,25,1982,12,1,1,1,0,7,0
19050,18,1984,9,0,0,1,0,10,0
19113,19,1985,19,0,0,1,0,12,0
19114,17,1982,15,0,0,1,0,1,0
19119,18,1979,20,0,0,0,1,11,1
19126,18,1988,8,0,1,1,0,11,1
19160,18,1970,22,2,0,0,1,5,0
19187,18,1982,41,3,1,0,0,4,1
19194,18,1988,13,1,0,1,0,7,0
19205,18,1983,12,1,0,1,0,2,0
19210,17,1984,39,0,0,1,0,8,1
19230,18,1986,18,0,0,0,0,10,2
19235,18,1984,21,1,1,0,1,6,1
19279,18,1983,16,0,0,0,1,18,0
19286,18,1986,9,1,0,1,0,2,0
19304,18,1980,12,0,0,0,0,4,0
19316,18,1988,14,0,0,0,0,3,1
19345,18,1973,12,0,1,1,0,10,0
19376,19,1973,52,0,0,0,0,6,0
19379,18,1978,14,0,0,1,0,0,0
19389,18,1982,11,0,1,0,0,8,0
19407,18,1986,15,2,1,0,0,6,1
19409,18,1983,32,2,0,0,0,10,0
19410,18,1983,52,2,0,0,0,5,2
19432,17,1982,8,0,0,0,0,6,0
19479,19,1983,42,0,0,0,0,5,1
19495,18,1988,11,0,0,1,0,4,1
19502,17,1971,14,0,1,0,1,2,0
19510,18,1984,31,1,0,0,1,13,0
19526,18,1988,20,0,0,1,0,6,2
19530,19,1988,14,0,0,0,0,10,0
19549,19,1980,15,0,1,0,0,8,0
19558,19,1987,12,0,1,0,0,4,0
19560,18,1983,11,0,0,0,0,16,1
19586,19,1984,7,1,0,1,0,5,0
19594,18,1985,13,0,0,1,0,4,1
19604,17,1976,11,0,0,1,0,2,0
19646,18,1987,8,2,0,0,1,11,0
19670,17,1985,30,2,0,1,0,8,1
19671,18,1974,43,2,1,0,0,7,2
19688,17,1985,9,0,1,0,1,10,0
19690,19,1981,16,0,1,1,0,16,0
19693,18,1988,16,0,0,0,1,7,1
19713,18,1969,46,0,0,0,1,6,1
19801,19,1975,19,1,0,1,0,12,0
19804,19,1982,9,0,0,0,0,3,0
19806,17,1976,41,1,0,0,0,6,1
19843,18,1982,38,2,0,0,0,9,0
19848,19,1986,12,0,0,1,0,14,0
19901,19,1984,5,0,1,1,0,4,0
19902,17,1988,5,0,0,1,0,10,1
19903,19,1984,23,0,0,1,0,12,0
19922,18,1977,8,0,1,0,1,4,0
19955,19,1975,27,0,0,0,0,12,0
19963,17,1985,27,0,0,1,0,7,0
19968,19,1982,21,0,0,0,1,4,1
20034,19,1978,22,0,0,1,0,4,0
20065,17,1977,6,0,0,0,0,6,0
20068,18,1984,26,2,1,1,0,16,0
20110,17,1971,15,0,0,1,0,6,1
20171,18,1985,12,0,0,1,0,4,0
20176,18,1983,56,0,0,0,1,8,0
20178,17,1980,9,1,0,0,1,7,1
20199,18,1980,7,0,0,1,0,7,0
20226,18,1982,36,1,0,1,0,5,1
20236,18,1982,26,0,0,0,1,8,1
20262,17,1976,12,1,0,1,0,6,1
20264,18,1984,11,0,0,0,0,6,0
20272,32,1980,17,0,0,0,0,6,0
20306,18,1984,9,2,0,1,0,2,0
20310,82,1988,19,0,0,0,0,4,0
20312,17,1981,3,0,0,0,0,12,1
20317,18,1984,5,0,0,0,0,6,1
20356,19,1969,23,0,0,1,0,4,0
20367,18,1986,9,0,0,1,0,0,0
20386,18,1985,15,0,0,1,0,10,1
20398,18,1979,17,1,0,0,1,7,0
20413,18,1972,24,0,0,1,0,5,0
20432,18,1972,38,1,0,0,1,8,0
20433,17,1978,24,0,0,0,1,6,0
20464,19,1982,21,0,0,0,0,12,1
20505,18,1977,22,0,0,1,0,2,0
20535,18,1983,10,0,0,0,0,6,2
20566,18,1985,21,0,0,0,0,15,4
20601,17,1988,6,0,0,1,0,6,1
20620,17,1984,6,0,1,0,0,4,0
20662,18,1986,9,0,0,1,0,6,0
20663,18,1980,33,0,0,0,0,4,0
20672,19,1974,21,0,1,0,0,6,1
20699,19,1984,26,0,0,1,0,11,2
20732,19,1977,28,0,0,1,0,18,1
20733,18,1980,24,0,1,0,0,4,0
20736,18,1984,7,0,0,0,0,4,0
20737,17,1984,21,1,0,0,0,16,3
20738,18,1980,27,1,0,0,0,13,0
20739,19,1982,34,0,0,0,0,18,0
20742,19,1986,11,0,0,0,1,2,1
20743,19,1987,33,0,0,0,0,8,3
20744,17,1982,16,0,1,1,0,8,1
20961,18,1987,11,2,0,1,0,10,1
20983,18,1987,7,0,0,1,0,4,0
21020,18,1987,14,0,0,1,0,8,0
21069,19,1982,17,0,0,1,0,2,0
21082,19,1986,14,0,0,1,0,6,0
21083,18,1988,19,0,0,1,0,8,3
21107,18,1980,10,1,0,0,1,4,0
21128,17,1973,11,0,1,0,1,4,1
21140,19,1984,5,0,0,0,0,4,0
21141,18,1982,30,0,1,0,0,9,0
21145,18,1986,7,0,0,0,0,10,0
21155,19,1974,16,0,1,1,0,4,0
21189,18,1985,8,0,0,1,0,4,0
21206,18,1983,3,0,1,1,0,4,1
21209,18,1976,41,1,0,1,0,4,4
21229,19,1985,13,0,1,0,1,6,0
21253,19,1985,16,0,0,0,0,4,0
21254,18,1980,24,0,0,0,0,7,0
21260,17,1985,43,0,0,1,0,25,2
21314,18,1973,13,0,0,1,0,2,0
21318,19,1981,14,0,0,0,0,8,1
21325,18,1984,27,0,0,1,0,4,0
21329,18,1981,19,1,1,1,0,2,0
21332,22,1975,26,0,0,1,0,10,0
21366,18,1983,8,0,0,1,0,12,0
21368,19,1977,8,0,1,1,0,0,0
21381,19,1987,22,0,1,0,0,10,1
21384,18,1982,16,0,1,0,0,4,0
21386,17,1979,21,0,0,0,0,2,1
21397,18,1986,8,0,1,1,0,4,1
21476,17,1978,16,0,0,1,0,8,0
21485,18,1979,12,0,0,0,0,8,0
21487,18,1981,18,0,0,0,0,2,0
21508,18,1979,37,1,1,1,0,9,1
21510,18,1983,6,0,1,1,0,2,0
21512,17,1984,14,0,0,0,0,6,1
21516,14,1981,25,1,0,0,0,8,1
21533,19,1981,26,2,1,0,1,3,1
21551,17,1987,7,0,0,1,0,2,0
21559,18,1982,29,0,0,1,0,14,0
21561,17,1984,41,0,0,1,0,6,0
21574,18,1984,47,2,0,1,0,3,0
21581,18,1979,32,0,0,0,0,2,0
21582,17,1984,13,0,0,0,0,8,0
21585,18,1979,107,1,0,1,0,18,3
21597,17,1973,10,1,1,1,0,4,0
21619,18,1971,43,0,0,0,0,5,0
21630,18,1984,28,0,1,0,0,4,0
21638,18,1976,9,1,0,0,1,8,2
21725,18,1975,10,0,0,1,0,4,1
21757,18,1985,10,0,0,0,0,4,1
21765,17,1988,29,0,0,1,0,22,3
21767,17,1988,61,3,0,1,0,14,5
21796,19,1982,4,0,1,1,0,6,0
21799,19,1979,10,0,0,0,0,4,0
21803,17,1973,3,0,0,0,0,2,0
21822,18,1979,23,1,0,1,0,13,0
21858,18,1973,61,0,0,0,1,14,0
21920,18,1979,9,0,0,0,1,8,0
21929,18,1983,12,0,0,0,0,3,0
21936,18,1981,12,0,0,0,0,9,2
21953,18,1978,42,0,0,0,0,4,1
22039,18,1987,34,0,0,1,0,18,0
22052,18,1981,13,2,0,1,0,10,1
22056,18,1984,40,1,0,1,0,6,0
22095,18,1984,57,1,0,1,0,8,1
22127,17,1982,30,2,0,0,0,5,3
22135,18,1973,6,0,0,0,1,2,0
22140,18,1985,19,1,1,0,0,8,0
22167,17,1983,21,1,0,0,0,4,2
22168,18,1972,21,0,0,0,0,12,0
22183,18,1980,7,0,1,1,0,8,0
22217,18,1986,37,0,0,1,0,20,1
22218,17,1977,21,1,0,0,0,15,0
22222,18,1981,12,0,0,0,0,9,2
22246,17,1967,13,0,0,0,0,8,0
22255,18,1978,33,0,0,0,0,4,0
22259,17,1975,6,0,1,0,0,4,0
22260,19,1985,20,0,0,0,0,4,1
22261,21,1975,31,0,0,0,0,6,0
22282,18,1983,32,0,1,0,0,2,0
22283,18,1989,11,0,1,0,0,4,0
22284,17,1988,19,0,0,0,0,2,0
22285,18,1974,28,1,1,0,0,12,1
22286,18,1975,5,1,0,0,0,2,0
22287,19,1978,10,0,1,0,0,2,0
22288,18,1985,8,1,1,0,0,1,0
22323,17,1988,12,0,0,1,0,2,0
22339,19,1980,25,0,0,1,0,5,0
22444,17,1983,14,0,0,1,0,4,1
22451,19,1984,19,0,0,0,0,9,2
22499,18,1981,33,0,0,1,0,4,2
22504,18,1978,17,0,1,0,1,8,0
22524,18,1989,18,0,0,1,0,2,0
22541,17,1983,16,0,1,0,1,8,0
22572,19,1980,37,0,0,1,0,4,1
22575,17,1988,12,0,0,1,0,6,0
22578,19,1986,16,1,0,1,0,2,0
22588,18,1982,17,0,1,1,0,4,0
22614,18,1989,13,0,0,1,0,18,0
22624,18,1979,5,0,0,0,0,1,0
22628,18,1970,31,0,0,0,1,8,0
22640,18,1986,8,0,0,1,0,4,0
22673,17,1974,24,0,0,1,0,8,0
22674,18,1979,10,0,0,0,0,8,0
22686,18,1987,11,0,0,1,0,6,0
22737,18,1977,11,0,0,1,0,12,0
22782,18,1983,17,1,0,1,0,4,0
22789,17,1975,45,0,0,1,0,12,2
22798,18,1973,12,0,0,0,0,4,0
22866,7,1985,9,0,0,0,0,4,0
22881,18,1983,19,0,0,0,0,6,2
22888,18,1985,12,0,0,1,0,6,0
22908,18,1979,20,0,1,0,1,13,0
22914,20,1984,38,0,0,1,0,6,3
22945,18,1984,33,1,0,1,0,9,1
22951,18,1979,43,1,0,1,0,5,0
22955,18,1979,14,0,1,0,0,0,0
22963,17,1982,22,0,0,1,0,8,1
22973,17,1974,38,0,1,0,1,12,1
22981,18,1983,15,0,0,0,0,2,1
23026,18,1978,20,0,1,0,1,6,0
23040,18,1983,38,0,0,1,0,26,2
23047,17,1977,8,0,0,1,0,2,1
23048,17,1974,9,0,0,1,0,10,0
23072,17,1983,8,0,0,0,1,0,0
23109,19,1986,13,0,0,1,0,6,0
23115,17,1986,16,0,0,1,0,2,3
23129,18,1981,65,2,0,1,0,4,1
23131,18,1977,41,4,0,1,0,6,6
23132,18,1987,18,0,0,1,0,8,0
23151,19,1984,21,1,0,1,0,12,0
23159,18,1981,59,2,0,1,0,8,1
23188,18,1981,12,0,0,0,0,4,0
23217,18,1984,13,1,0,0,0,0,0
23239,18,1984,32,0,0,0,0,10,2
23278,18,1981,30,0,1,1,0,16,1
23339,18,1977,35,0,0,1,0,8,0
23349,18,1981,14,1,0,0,0,9,0
23353,18,1983,34,1,0,1,0,11,6
23376,21,1984,32,0,1,0,0,2,1
23383,18,1978,86,0,0,0,0,10,1
23395,18,1980,15,1,0,0,0,4,0
23400,17,1980,10,0,0,0,0,0,0
23412,19,1985,9,0,0,0,0,4,1
23413,18,1977,10,0,0,0,0,9,1
23428,17,1982,14,0,0,0,0,2,0
23430,18,1975,41,1,0,0,0,8,1
23460,18,1980,46,1,0,0,0,12,0
23461,17,1984,26,0,0,0,0,2,3
23469,18,1983,12,1,0,0,1,6,0
23493,17,1987,21,0,0,1,0,2,3
23499,19,1976,32,1,0,1,0,12,0
23500,18,1981,44,0,0,1,0,10,1
23508,18,1984,11,1,0,1,0,7,0
23524,18,1978,29,0,0,0,1,3,2
23536,18,1984,62,0,0,0,0,4,0
23547,18,1975,13,0,1,0,0,5,0
23609,18,1987,15,0,0,0,1,6,0
23615,18,1984,26,0,0,0,1,5,1
23619,19,1985,5,0,0,1,0,2,0
23630,18,1974,25,0,1,0,1,5,1
23647,18,1981,45,5,0,1,0,10,0
23684,18,1985,39,0,0,1,0,17,4
23699,17,1986,20,0,0,1,0,2,1
23700,19,1980,19,0,1,1,0,4,0
23712,21,1984,30,1,0,1,0,9,2
23728,18,1973,19,0,0,1,0,5,0
23736,18,1988,11,0,0,0,0,4,1
23750,19,1982,11,0,0,0,0,3,1
23757,18,1981,20,0,1,0,0,2,0
23758,18,1971,39,0,0,0,0,7,0
23776,18,1984,39,1,0,0,0,10,1
23786,18,1979,56,1,0,0,0,7,2
23789,18,1988,15,0,0,0,0,4,2
23828,18,1989,16,0,0,0,0,10,1
23837,17,1976,17,1,0,1,0,4,1
23890,18,1978,23,1,1,0,1,3,0
23898,17,1978,18,0,1,1,0,8,1
23907,18,1972,20,0,1,0,1,6,0
23911,18,1982,7,1,1,0,1,6,1
23949,18,1981,107,0,0,1,0,18,4
23977,18,1984,17,0,0,0,1,6,1
23996,18,1983,26,0,0,1,0,6,0
24018,18,1988,16,0,0,1,0,6,0
24032,17,1983,13,0,0,0,0,4,1
24047,18,1984,18,0,0,1,0,10,2
24054,17,1982,13,0,1,1,0,8,1
24058,19,1982,19,1,0,0,0,4,2
24088,19,1986,9,0,0,0,0,2,1
24104,19,1974,31,0,0,0,0,8,2
24107,18,1981,16,0,1,0,0,12,0
24109,19,1987,28,1,0,0,0,10,1
24110,18,1984,11,1,0,0,0,7,0
24119,18,1979,14,0,0,0,0,10,0
24143,17,1981,14,0,0,1,0,8,0
24185,17,1983,31,0,0,1,0,4,4
24208,19,1986,28,0,0,1,0,18,1
24268,17,1985,4,0,0,0,1,4,0
24277,18,1985,13,0,0,0,0,4,3
24283,17,1985,10,1,1,0,0,4,0
24290,17,1982,13,0,1,1,0,6,0
24299,18,1976,31,0,0,0,0,13,3
24303,19,1984,22,1,0,1,0,4,1
24319,18,1981,20,2,0,0,0,8,0
24320,18,1981,24,0,0,0,0,17,3
24326,18,1983,12,1,1,1,0,2,0
24347,18,1986,33,1,1,0,0,14,2
24381,18,1983,44,0,0,0,0,10,0
24384,18,1975,41,2,0,0,0,6,3
24394,18,1970,21,1,1,0,0,3,0
24400,17,1984,19,0,1,1,0,0,0
24426,17,1983,14,0,0,0,0,4,0
24436,28,1974,32,0,0,0,0,13,2
24444,18,1984,34,0,0,0,0,4,0
24445,18,1979,36,0,0,0,0,6,0
24448,18,1975,12,0,1,0,0,7,0
24451,17,1981,3,0,0,0,0,4,0
24452,17,1977,20,1,0,0,0,4,0
24453,28,1980,31,0,0,0,0,22,0
24455,19,1980,12,0,1,0,0,0,0
24471,19,1987,27,1,0,1,0,6,3
24501,19,1982,21,0,0,1,0,4,1
24525,17,1977,7,1,0,0,0,4,0
24530,19,1984,7,0,0,1,0,7,0
24566,18,1978,11,0,0,0,0,4,0
24568,18,1988,5,1,0,0,0,1,2
24608,18,1986,27,0,0,0,0,9,0
24614,19,1980,18,0,0,1,0,8,1
24619,18,1984,44,0,0,1,0,16,1
24627,18,1984,32,0,0,1,0,10,4
24643,18,1984,29,2,0,0,0,5,2
24645,18,1978,15,0,1,1,0,6,0
24661,18,1980,14,0,1,0,0,4,0
24670,18,1978,47,2,0,0,0,15,1
24678,18,1985,14,0,0,1,0,12,1
24694,18,1981,51,3,0,1,0,6,1
24709,19,1985,20,1,0,0,0,3,1
24753,18,1985,26,1,0,1,0,14,0
24803,18,1976,34,1,0,1,0,7,1
24821,18,1983,15,0,0,1,0,4,1
24830,17,1976,11,0,0,1,0,4,2
24858,19,1988,19,1,0,1,0,6,0
24873,18,1983,9,0,0,1,0,5,0
24909,19,1979,19,0,0,0,0,8,0
24910,18,1984,4,0,0,0,0,0,0
24911,18,1982,48,0,1,0,0,4,0
24913,18,1981,18,0,1,0,0,7,0
24923,19,1981,47,3,0,1,0,6,2
24925,18,1984,50,1,0,1,0,10,1
24933,18,1984,19,0,0,1,0,6,1
24977,17,1985,10,1,1,0,0,6,0
25031,18,1983,31,0,0,1,0,12,0
25044,18,1988,20,0,1,1,0,8,0
25064,18,1985,16,0,1,1,0,2,1
25070,18,1984,19,0,0,1,0,2,3
25141,17,1981,13,0,0,0,1,2,0
25152,17,1984,12,0,0,1,0,10,1
25171,20,1981,23,2,0,0,0,6,1
25175,18,1982,6,0,0,0,0,4,0
25195,18,1984,27,3,0,0,0,7,0
25199,18,1979,10,0,1,0,0,10,0
25200,18,1982,36,0,1,1,0,3,0
25202,18,1979,43,1,0,0,0,10,0
25204,18,1971,40,2,0,0,0,4,3
25280,18,1977,29,2,1,0,0,8,2
25290,22,1978,5,0,0,0,0,7,0
25295,18,1987,17,0,0,0,0,2,1
25303,18,1977,24,0,0,0,0,3,1
25304,18,1981,42,0,0,0,0,5,0
25310,18,1980,4,0,0,0,0,4,0
25317,18,1985,3,1,0,0,0,11,0
25349,18,1974,10,1,0,0,1,4,1
25368,18,1982,61,0,0,0,0,6,1
25383,18,1979,34,1,0,0,1,5,1
25394,18,1977,37,1,0,0,0,11,1
25398,17,1981,2,0,1,0,0,0,0
25406,18,1974,16,1,0,0,0,4,0
25419,19,1987,11,2,1,0,0,0,1
25420,18,1977,31,0,1,0,1,5,0
25422,17,1985,4,0,0,0,0,6,1
25454,18,1981,9,0,1,0,0,4,1
25501,17,1981,18,0,0,1,0,10,1
25510,17,1980,22,0,0,1,0,2,1
25512,18,1982,19,0,0,0,0,2,1
25517,17,1986,24,0,0,1,0,2,0
25536,17,1985,18,0,0,1,0,12,1
25556,18,1984,19,0,0,0,0,6,0
25573,19,1976,13,1,0,1,0,7,2
25589,19,1983,16,0,0,1,0,8,0
25591,18,1985,22,0,0,1,0,12,0
25680,18,1985,29,0,0,1,0,12,1
25687,17,1985,16,0,0,1,0,8,1
25710,18,1981,28,0,1,1,0,8,0
25717,19,1985,44,0,0,1,0,6,1
25749,17,1987,20,2,0,1,0,2,3
25788,19,1985,22,0,0,1,0,4,1
25807,18,1982,47,2,0,1,0,25,1
25866,17,1987,11,0,0,0,1,6,1
25902,18,1972,30,2,0,0,1,8,1
25907,18,1983,9,0,1,0,1,4,0
25930,19,1973,24,0,0,1,0,8,1
25932,18,1984,46,2,0,1,0,14,1
25949,17,1985,26,0,0,1,0,11,2
25988,18,1984,36,1,0,1,0,2,0
26004,18,1988,9,0,0,1,0,2,0
26012,17,1983,14,0,1,0,0,10,0
26016,18,1983,82,2,0,0,0,10,3
26060,18,1986,17,0,0,1,0,4,1
26062,17,1983,10,0,0,0,0,4,0
26142,19,1985,4,0,0,1,0,4,0
26143,18,1970,20,0,1,1,0,5,1
26144,18,1983,52,0,0,1,0,4,0
26175,19,1984,17,0,0,0,1,12,0
26247,18,1985,7,0,0,1,0,10,1
26271,25,1986,8,0,0,0,1,2,2
26332,19,1981,28,0,0,1,0,4,0
26335,32,1977,36,2,0,1,0,14,1
26356,18,1983,8,0,0,1,0,4,0
26365,18,1972,37,2,0,0,1,2,3
26397,18,1983,28,0,0,0,0,9,2
26418,18,1981,28,0,0,0,1,10,1
26419,19,1983,14,0,1,0,1,7,0
26446,18,1986,26,0,0,1,0,11,0
26489,18,1981,3,0,0,0,0,6,0
26516,18,1983,35,0,0,1,0,2,1
26574,17,1988,19,0,0,1,0,4,1
26609,18,1983,15,0,0,1,0,10,0
26620,18,1984,26,0,0,1,0,12,0
26630,18,1986,13,0,0,1,0,12,2
26652,19,1987,15,0,0,1,0,5,0
26662,14,1984,18,0,1,0,1,2,0
26683,19,1985,34,0,0,1,0,10,1
26806,19,1973,19,0,0,0,1,6,0
26821,19,1981,34,2,1,0,1,3,0
26828,19,1982,20,0,0,0,0,11,2
26847,17,1988,10,0,0,1,0,2,0
26866,18,1980,24,1,0,1,0,15,0
26876,19,1983,4,0,1,0,1,4,0
26915,18,1982,39,1,0,1,0,6,2
26917,17,1989,24,0,0,1,0,6,1
26962,18,1979,21,0,0,1,0,12,1
26969,19,1986,6,1,1,0,0,4,1
26978,18,1985,2,0,1,0,0,6,0
26985,19,1983,22,0,1,0,0,14,0
26986,18,1982,31,0,1,0,0,4,1
26987,19,1987,12,0,0,0,0,9,0
26992,18,1971,35,1,0,0,0,6,0
26996,17,1981,34,0,0,0,0,8,2
27009,18,1980,35,1,0,1,0,0,1
27045,18,1984,25,2,1,0,0,9,0
27060,18,1983,48,0,0,0,0,17,2
27080,19,1985,15,0,0,0,0,6,0
27081,18,1985,29,0,1,0,0,4,0
27082,17,1978,12,0,0,0,0,10,1
27083,17,1985,9,0,0,0,0,4,1
27103,18,1977,15,0,0,1,0,15,0
27115,20,1984,38,0,0,0,0,2,2
27128,18,1985,18,0,0,1,0,5,0
27147,18,1977,11,0,0,0,1,2,1
27173,18,1987,13,0,0,1,0,2,1
27204,18,1983,30,1,0,1,0,7,0
27219,18,1987,18,0,0,1,0,19,1
27297,18,1988,3,0,0,1,0,7,0
27310,18,1979,23,0,0,1,0,4,4
27357,18,1981,26,0,0,1,0,10,2
27366,18,1982,42,2,0,1,0,6,2
27410,19,1982,26,0,0,1,0,13,0
27546,17,1980,9,0,0,0,1,6,0
27591,31,1976,49,0,0,0,1,10,1
27639,18,1984,23,1,0,1,0,6,0
27640,18,1982,11,0,0,1,0,4,0
27648,19,1982,26,0,0,1,0,12,2
27655,19,1985,24,0,0,1,0,2,1
27668,17,1982,32,0,0,1,0,9,0
27670,17,1978,18,0,0,1,0,6,4
27672,18,1983,40,1,0,1,0,13,0
27687,19,1985,22,0,0,1,0,12,2
27748,18,1981,16,0,0,0,1,5,0
27760,17,1987,13,0,0,1,0,2,0
27764,17,1978,24,1,0,1,0,10,3
27833,18,1978,19,0,0,1,0,6,0
27862,18,1981,14,0,0,1,0,12,3
27895,18,1988,42,1,0,1,0,2,0
27925,18,1985,4,0,0,1,0,2,0
27984,19,1982,35,0,0,1,0,6,1
27990,18,1983,16,0,0,0,1,2,0
27992,19,1987,30,0,0,1,0,8,2
27993,17,1982,18,0,0,1,0,6,1
28030,19,1981,13,0,0,1,0,6,0
28031,18,1979,10,1,1,0,1,3,0
28121,18,1981,14,0,0,1,0,4,0
28155,18,1982,17,0,1,1,0,8,0
28253,18,1984,8,0,0,1,0,2,0
28256,18,1981,43,0,1,0,1,6,1
28266,18,1972,40,0,0,0,1,4,0
28275,19,1985,9,0,0,0,1,6,0
28286,18,1982,3,1,1,0,1,4,0
28289,18,1981,34,0,1,0,1,4,0
28300,20,1981,28,0,0,1,0,3,3
28308,17,1985,8,0,0,0,0,5,0
28317,17,1979,4,0,0,0,0,6,0
28324,18,1982,10,0,1,1,0,4,0
28328,18,1984,59,0,0,1,0,5,0
28356,18,1978,21,0,1,1,0,8,0
28357,18,1978,37,1,0,0,1,6,0
28384,18,1981,18,0,1,1,0,12,0
28446,33,1976,6,1,0,0,0,10,0
28543,18,1978,10,0,0,0,1,7,1
28558,18,1988,7,0,0,0,1,4,0
28564,18,1981,21,0,1,1,0,12,0
28587,18,1985,15,0,1,0,1,4,0
28598,17,1981,28,0,0,0,0,2,0
28666,18,1984,40,0,0,0,1,15,1
28694,18,1977,16,0,0,1,0,6,0
28700,18,1981,29,0,0,1,0,8,0
28719,19,1979,16,0,0,1,0,2,0
28751,18,1982,45,0,0,0,0,13,0
28761,19,1977,8,0,1,0,0,4,0
28766,19,1986,52,2,0,0,0,7,2
28768,18,1984,17,0,1,0,0,6,0
28769,18,1977,25,1,0,0,0,20,0
28770,18,1984,44,2,0,0,0,15,1
28772,19,1979,25,3,0,0,0,6,1
28774,18,1984,29,1,0,0,0,6,0
28775,18,1978,9,1,0,0,0,4,1
28776,18,1981,8,0,0,0,0,0,0
28784,18,1983,8,0,1,0,0,10,0
28808,19,1987,11,0,1,1,0,4,0
28809,18,1982,51,0,0,0,0,16,2
28842,18,1984,31,2,0,1,0,6,0
28849,19,1983,27,0,1,1,0,1,0
28851,18,1982,17,0,0,1,0,6,1
28875,19,1984,17,1,0,1,0,8,0
28876,18,1971,47,1,0,1,0,5,1
28899,18,1984,6,0,1,0,0,12,0
28918,18,1981,17,1,0,0,0,14,0
28927,19,1983,7,0,1,0,1,4,0
28944,19,1982,11,0,0,0,0,3,1
29001,18,1985,12,0,0,1,0,13,0
29004,17,1986,13,0,0,1,0,6,1
29022,20,1970,36,2,0,1,0,8,1
29059,18,1981,4,0,0,0,1,6,0
29063,18,1978,8,0,0,0,1,16,0
29102,18,1974,10,1,0,1,0,2,0
29134,18,1980,23,0,0,0,0,6,2
29157,19,1984,22,0,1,1,0,4,1
29158,18,1976,19,0,1,1,0,9,0
29203,17,1985,12,0,0,1,0,8,1
29204,18,1986,15,1,0,1,0,12,1
29205,19,1986,7,1,1,1,0,3,0
29211,22,1986,31,0,0,1,0,10,1
29223,18,1988,6,2,1,0,0,6,0
29233,18,1982,52,0,0,0,0,7,1
29241,17,1981,23,1,0,0,0,6,0
29257,18,1979,24,0,0,0,1,2,0
29329,17,1983,25,0,0,1,0,10,0
29358,18,1978,16,0,1,0,0,0,0
29362,18,1981,16,0,0,1,0,2,0
29372,17,1986,7,1,0,0,0,2,0
29377,17,1982,25,1,0,0,0,4,0
29378,18,1982,25,1,0,0,0,0,0
29384,19,1985,14,0,0,1,0,4,0
29398,18,1984,43,0,0,0,0,16,2
29399,17,1983,19,1,0,0,0,4,1
29401,17,1985,7,1,0,0,0,10,0
29405,18,1987,10,0,0,0,0,14,1
29407,18,1983,61,1,0,1,0,6,0
29432,24,1982,24,0,0,0,0,19,1
29434,18,1980,7,0,0,0,0,4,0
29436,18,1986,13,1,1,0,0,10,1
29438,18,1989,8,0,0,0,0,6,0
29454,18,1978,29,0,0,0,0,12,1
29463,18,1984,22,0,1,0,0,4,0
29464,18,1979,21,1,0,0,0,6,1
29471,19,1983,8,0,1,0,0,8,0
29486,18,1978,14,0,0,0,0,11,1
29487,18,1978,9,0,0,0,0,6,0
29497,18,1974,28,1,0,0,0,6,0
29506,18,1972,43,1,0,0,0,9,1
29509,18,1973,56,1,1,0,0,12,0
29529,18,1982,12,1,1,0,0,8,0
29530,18,1984,29,1,0,0,0,10,0
29544,19,1977,36,0,1,0,0,5,2
29545,18,1981,40,0,0,1,0,12,0
29562,17,1975,9,0,0,0,0,2,0
29565,17,1975,14,0,0,1,0,6,0
29576,18,1983,16,0,0,1,0,10,1
29579,17,1983,32,0,1,1,0,8,0
29580,20,1980,42,0,0,1,0,8,0
29591,18,1980,17,0,1,1,0,12,1
29595,18,1982,49,0,0,0,0,11,1
29597,18,1977,9,0,0,0,0,3,1
29608,18,1979,30,0,0,0,0,5,0
29622,18,1989,14,0,0,1,0,12,1
29626,18,1980,36,0,0,1,0,13,1
29656,18,1979,14,0,0,1,0,10,0
29663,18,1972,29,1,0,1,0,18,1
29665,17,1983,23,0,0,1,0,8,0
29766,18,1973,39,2,0,1,0,3,0
29767,19,1986,38,2,0,1,0,10,13
29796,19,1981,14,1,1,1,0,4,1
29818,18,1970,38,0,0,0,1,7,2
29869,17,1982,11,0,0,1,0,9,1
29875,17,1988,9,0,1,1,0,2,0
29933,18,1977,43,1,0,1,0,7,0
29944,19,1981,25,0,0,1,0,9,0
29945,18,1984,49,2,1,1,0,12,2
29978,17,1977,19,0,0,0,1,0,0
29982,19,1972,36,0,0,0,1,0,2
30008,17,1985,5,0,0,1,0,8,1
30052,17,1987,10,0,0,1,0,2,1
30101,17,1973,20,4,1,0,1,2,1
30115,18,1978,4,0,0,0,1,2,0
30151,18,1971,42,0,0,0,0,12,2
30160,17,1974,13,0,1,1,0,6,0
30233,18,1985,26,1,1,0,1,1,0
30255,19,1986,17,0,0,1,0,8,0
30324,17,1981,6,0,1,1,0,4,0
30330,20,1979,7,0,1,1,0,4,0
30373,18,1981,26,0,0,1,0,7,0
30407,18,1984,8,0,0,0,1,8,0
30415,18,1980,16,0,0,1,0,4,3
30435,19,1985,36,0,0,1,0,14,0
30496,19,1976,31,0,0,1,0,1,1
30514,18,1983,49,0,0,1,0,6,0
30537,18,1982,28,3,0,0,1,6,1
30547,18,1984,5,1,0,0,1,8,0
30551,18,1987,22,0,0,1,0,6,0
30561,17,1988,10,0,0,1,0,4,1
30599,17,1980,9,0,0,1,0,6,0
30616,6,1978,14,0,0,1,0,5,0
30786,19,1982,10,0,0,0,1,4,1
30805,18,1977,7,0,1,0,1,2,1
30815,18,1983,24,1,0,0,1,0,1
30831,18,1977,25,1,0,0,1,1,0
30835,18,1982,35,0,1,0,1,8,0
30843,18,1987,15,1,0,0,1,6,0
30913,17,1979,20,1,0,1,0,0,0
30943,19,1976,29,1,0,1,0,6,0
30947,23,1974,52,1,0,1,0,10,1
30967,19,1977,25,1,0,1,0,18,0
30968,19,1979,15,0,0,1,0,6,0
30970,22,1974,9,0,1,0,1,4,0
31012,18,1982,22,1,1,1,0,4,0
31039,19,1987,29,0,0,1,0,6,1
31074,17,1980,18,1,0,1,0,20,1
31076,18,1982,45,2,0,1,0,5,1
31106,18,1977,6,0,0,1,0,6,0
31115,17,1988,17,0,0,1,0,4,0
31144,18,1987,11,1,0,1,0,13,0
31188,18,1982,24,0,0,1,0,8,0
31192,18,1973,15,0,0,1,0,2,1
31254,18,1984,12,0,0,1,0,4,0
31297,18,1972,50,0,0,0,1,11,1
31300,17,1978,12,1,0,0,1,4,0
31349,18,1988,8,0,0,1,0,4,0
31366,17,1979,11,0,0,0,0,8,0
31371,19,1980,18,0,1,0,1,12,1
31373,17,1984,5,0,0,0,0,2,0
31376,17,1983,37,1,0,1,0,8,1
31405,17,1979,11,0,0,1,0,4,0
31417,18,1984,28,1,1,0,1,9,2
31438,18,1982,31,0,0,0,1,7,0
31460,18,1980,15,0,0,1,0,9,0
31497,18,1987,18,0,0,1,0,0,0
31500,23,1981,21,0,0,1,0,7,2
31501,18,1984,15,1,0,0,0,20,1
31526,18,1975,2,1,0,1,0,0,0
31534,18,1984,15,0,0,0,0,5,0
31537,19,1980,10,0,1,1,0,12,0
31539,18,1978,32,0,0,0,0,6,0
31561,19,1986,9,0,0,0,0,2,0
31575,18,1977,114,0,0,1,0,14,3
31582,18,1981,14,0,0,0,0,6,1
31595,18,1980,53,0,0,0,0,4,1
31609,17,1977,22,0,0,1,0,8,0
31620,18,1975,8,0,1,1,0,2,0
31641,19,1985,20,0,0,1,0,5,0
31646,19,1983,16,0,1,0,0,4,0
31652,18,1978,35,1,0,0,0,10,0
31665,18,1984,3,0,1,1,0,4,0
31682,18,1983,18,0,0,1,0,9,0
31747,18,1983,11,0,1,1,0,4,0
31750,18,1980,12,0,0,1,0,10,0
31757,18,1985,14,0,0,0,0,0,0
31758,18,1983,22,0,0,0,0,5,1
31781,18,1984,24,2,0,1,0,6,1
31808,18,1985,94,1,0,0,0,10,4
31809,18,1978,21,0,0,0,0,5,0
31860,19,1983,77,1,0,0,0,6,5
31874,18,1983,65,0,0,1,0,6,0
31957,17,1983,31,1,0,0,0,12,1
31980,18,1985,23,0,0,1,0,8,0
32005,18,1984,21,0,1,0,1,6,0
32087,18,1980,30,2,0,0,1,4,0
32120,18,1977,64,3,0,1,0,8,2
32156,17,1981,19,0,1,0,1,10,0
32184,32,1982,8,0,0,0,0,6,0
32195,18,1979,32,0,1,0,1,6,0
32231,18,1978,46,2,0,1,0,6,0
32290,18,1984,27,1,0,1,0,12,2
32325,17,1985,45,0,0,1,0,14,1
32351,18,1977,25,0,1,0,1,10,1
32372,18,1982,20,1,1,0,1,4,0
32400,18,1984,51,0,0,1,0,16,4
32420,20,1971,80,2,0,0,1,14,1
